NaN	NaN	38
43452	0.583333333	16.392
43452	0.625	16.368
43452	0.666666667	16.368
43452	0.708333333	16.392
43452	0.75	16.415
43452	0.791666667	16.439
43452	0.833333333	16.392
43452	0.875	16.415
43452	0.916666667	16.439
43452	0.958333333	16.415
43453	0	16.415
43453	0.041666667	16.392
43453	0.083333333	16.392
43453	0.125	16.392
43453	0.166666667	16.392
43453	0.208333333	16.392
43453	0.25	16.392
43453	0.291666667	16.392
43453	0.333333333	16.392
43453	0.375	16.392
43453	0.416666667	16.296
43453	0.458333333	16.272
43453	0.5	16.225
43453	0.541666667	16.272
43453	0.583333333	16.249
43453	0.625	16.296
43453	0.666666667	16.249
43453	0.708333333	16.249
43453	0.75	16.32
43453	0.791666667	16.296
43453	0.833333333	16.296
43453	0.875	16.296
43453	0.916666667	16.344
43453	0.958333333	16.487
43454	0	16.511
43454	0.041666667	16.463
43454	0.083333333	16.439
43454	0.125	16.463
43454	0.166666667	16.392
43454	0.208333333	16.463
43454	0.25	16.439
43454	0.291666667	16.463
43454	0.333333333	16.439
43454	0.375	16.439
43454	0.416666667	16.439
43454	0.458333333	16.439
43454	0.5	16.439
43454	0.541666667	16.415
43454	0.583333333	16.392
43454	0.625	16.415
43454	0.666666667	16.415
43454	0.708333333	16.368
43454	0.75	15.796
43454	0.791666667	15.748
43454	0.833333333	15.724
43454	0.875	15.843
43454	0.916666667	15.867
43454	0.958333333	15.867
43455	0	15.748
43455	0.041666667	15.867
43455	0.083333333	15.963
43455	0.125	15.891
43455	0.166666667	15.963
43455	0.208333333	16.201
43455	0.25	16.177
43455	0.291666667	15.867
43455	0.333333333	15.843
43455	0.375	15.772
43455	0.416666667	16.106
43455	0.458333333	16.106
43455	0.5	16.129
43455	0.541666667	16.153
43455	0.583333333	16.153
43455	0.625	16.153
43455	0.666666667	16.129
43455	0.708333333	15.963
43455	0.75	15.986
43455	0.791666667	16.177
43455	0.833333333	16.225
43455	0.875	16.201
43455	0.916666667	16.225
43455	0.958333333	16.225
43456	0	16.249
43456	0.041666667	16.272
43456	0.083333333	16.201
43456	0.125	16.201
43456	0.166666667	16.225
43456	0.208333333	16.201
43456	0.25	16.177
43456	0.291666667	16.177
43456	0.333333333	16.177
43456	0.375	16.177
43456	0.416666667	16.153
43456	0.458333333	16.177
43456	0.5	16.153
43456	0.541666667	16.153
43456	0.583333333	16.153
43456	0.625	16.153
43456	0.666666667	16.153
43456	0.708333333	16.153
43456	0.75	16.129
43456	0.791666667	16.153
43456	0.833333333	16.129
43456	0.875	16.153
43456	0.916666667	16.129
43456	0.958333333	16.034
43457	0	16.201
43457	0.041666667	16.177
43457	0.083333333	16.153
43457	0.125	16.106
43457	0.166666667	16.034
43457	0.208333333	16.058
43457	0.25	16.058
43457	0.291666667	16.058
43457	0.333333333	16.129
43457	0.375	16.058
43457	0.416666667	16.034
43457	0.458333333	16.058
43457	0.5	16.082
43457	0.541666667	16.106
43457	0.583333333	16.106
43457	0.625	16.129
43457	0.666666667	16.129
43457	0.708333333	16.177
43457	0.75	16.177
43457	0.791666667	16.201
43457	0.833333333	16.201
43457	0.875	16.153
43457	0.916666667	16.153
43457	0.958333333	16.106
43458	0	16.106
43458	0.041666667	15.843
43458	0.083333333	15.939
43458	0.125	15.843
43458	0.166666667	15.986
43458	0.208333333	16.034
43458	0.25	16.034
43458	0.291666667	16.01
43458	0.333333333	16.01
43458	0.375	16.034
43458	0.416666667	16.034
43458	0.458333333	16.058
43458	0.5	16.058
43458	0.541666667	16.034
43458	0.583333333	16.058
43458	0.625	16.082
43458	0.666666667	15.986
43458	0.708333333	16.034
43458	0.75	16.058
43458	0.791666667	16.058
43458	0.833333333	16.106
43458	0.875	16.106
43458	0.916666667	16.082
43458	0.958333333	16.082
43459	0	16.034
43459	0.041666667	16.01
43459	0.083333333	15.986
43459	0.125	16.058
43459	0.166666667	16.058
43459	0.208333333	16.106
43459	0.25	16.153
43459	0.291666667	16.153
43459	0.333333333	16.153
43459	0.375	16.106
43459	0.416666667	16.129
43459	0.458333333	16.153
43459	0.5	16.177
43459	0.541666667	16.177
43459	0.583333333	16.153
43459	0.625	16.129
43459	0.666666667	16.129
43459	0.708333333	16.106
43459	0.75	16.106
43459	0.791666667	16.082
43459	0.833333333	16.082
43459	0.875	16.082
43459	0.916666667	16.106
43459	0.958333333	16.106
43460	0	16.106
43460	0.041666667	16.106
43460	0.083333333	16.106
43460	0.125	16.106
43460	0.166666667	16.106
43460	0.208333333	16.106
43460	0.25	16.106
43460	0.291666667	16.106
43460	0.333333333	16.106
43460	0.375	16.106
43460	0.416666667	16.082
43460	0.458333333	16.082
43460	0.5	16.058
43460	0.541666667	16.058
43460	0.583333333	16.082
43460	0.625	16.082
43460	0.666666667	16.082
43460	0.708333333	16.082
43460	0.75	16.106
43460	0.791666667	16.106
43460	0.833333333	16.106
43460	0.875	16.106
43460	0.916666667	16.106
43460	0.958333333	16.106
43461	0	16.082
43461	0.041666667	16.082
43461	0.083333333	16.082
43461	0.125	16.082
43461	0.166666667	16.082
43461	0.208333333	16.082
43461	0.25	16.082
43461	0.291666667	16.082
43461	0.333333333	16.082
43461	0.375	16.106
43461	0.416666667	16.106
43461	0.458333333	16.106
43461	0.5	16.106
43461	0.541666667	16.129
43461	0.583333333	16.129
43461	0.625	16.153
43461	0.666666667	16.153
43461	0.708333333	16.153
43461	0.75	16.177
43461	0.791666667	16.177
43461	0.833333333	16.201
43461	0.875	16.201
43461	0.916666667	16.201
43461	0.958333333	16.201
43462	0	16.201
43462	0.041666667	16.201
43462	0.083333333	16.177
43462	0.125	16.201
43462	0.166666667	16.201
43462	0.208333333	16.201
43462	0.25	16.201
43462	0.291666667	16.201
43462	0.333333333	16.201
43462	0.375	16.201
43462	0.416666667	16.153
43462	0.458333333	16.177
43462	0.5	16.177
43462	0.541666667	16.177
43462	0.583333333	16.201
43462	0.625	16.201
43462	0.666666667	16.201
43462	0.708333333	16.201
43462	0.75	16.201
43462	0.791666667	16.177
43462	0.833333333	16.177
43462	0.875	16.201
43462	0.916666667	16.201
43462	0.958333333	16.201
43463	0	16.177
43463	0.041666667	16.177
43463	0.083333333	16.177
43463	0.125	16.201
43463	0.166666667	16.201
43463	0.208333333	16.201
43463	0.25	16.201
43463	0.291666667	16.201
43463	0.333333333	16.201
43463	0.375	16.201
43463	0.416666667	16.177
43463	0.458333333	16.153
43463	0.5	16.201
43463	0.541666667	16.201
43463	0.583333333	16.201
43463	0.625	16.153
43463	0.666666667	16.129
43463	0.708333333	16.153
43463	0.75	16.129
43463	0.791666667	16.129
43463	0.833333333	16.129
43463	0.875	16.153
43463	0.916666667	16.153
43463	0.958333333	16.177
43464	0	16.177
43464	0.041666667	16.153
43464	0.083333333	16.153
43464	0.125	16.153
43464	0.166666667	16.153
43464	0.208333333	16.129
43464	0.25	16.129
43464	0.291666667	16.129
43464	0.333333333	16.129
43464	0.375	16.129
43464	0.416666667	16.129
43464	0.458333333	16.153
43464	0.5	16.153
43464	0.541666667	16.177
43464	0.583333333	16.177
43464	0.625	16.153
43464	0.666666667	16.153
43464	0.708333333	16.129
43464	0.75	16.129
43464	0.791666667	16.129
43464	0.833333333	16.129
43464	0.875	16.129
43464	0.916666667	16.129
43464	0.958333333	16.153
43465	0	16.129
43465	0.041666667	16.153
43465	0.083333333	16.153
43465	0.125	16.129
43465	0.166666667	16.129
43465	0.208333333	16.129
43465	0.25	16.129
43465	0.291666667	16.153
43465	0.333333333	16.129
43465	0.375	16.129
43465	0.416666667	16.129
43465	0.458333333	16.129
43465	0.5	16.129
43465	0.541666667	15.175
43465	0.583333333	14.864
43465	0.625	15.055
43465	0.666666667	15.008
43465	0.708333333	15.008
43465	0.75	15.103
43465	0.791666667	15.175
43465	0.833333333	15.247
43465	0.875	15.318
43465	0.916666667	15.819
43465	0.958333333	15.963
43466	0	15.986
43466	0.041666667	15.891
43466	0.083333333	15.915
43466	0.125	16.01
43466	0.166666667	16.01
43466	0.208333333	15.986
43466	0.25	15.605
43466	0.291666667	15.533
43466	0.333333333	15.438
43466	0.375	15.7
43466	0.416666667	15.963
43466	0.458333333	15.772
43466	0.5	15.461
43466	0.541666667	15.366
43466	0.583333333	15.557
43466	0.625	15.509
43466	0.666666667	15.438
43466	0.708333333	15.533
43466	0.75	15.629
43466	0.791666667	15.652
43466	0.833333333	15.676
43466	0.875	15.676
43466	0.916666667	15.7
43466	0.958333333	15.676
43467	0	15.772
43467	0.041666667	15.867
43467	0.083333333	15.963
43467	0.125	15.915
43467	0.166666667	16.058
43467	0.208333333	16.058
43467	0.25	16.058
43467	0.291666667	16.058
43467	0.333333333	16.058
43467	0.375	16.058
43467	0.416666667	16.058
43467	0.458333333	15.318
43467	0.5	14.96
43467	0.541666667	15.079
43467	0.583333333	14.745
43467	0.625	15.175
43467	0.666666667	15.199
43467	0.708333333	15.247
43467	0.75	15.175
43467	0.791666667	15.199
43467	0.833333333	15.461
43467	0.875	15.724
43467	0.916666667	15.843
43467	0.958333333	15.843
43468	0	15.915
43468	0.041666667	15.939
43468	0.083333333	15.939
43468	0.125	15.915
43468	0.166666667	15.963
43468	0.208333333	15.963
43468	0.25	15.7
43468	0.291666667	15.652
43468	0.333333333	15.605
43468	0.375	15.509
43468	0.416666667	15.629
43468	0.458333333	15.461
43468	0.5	15.461
43468	0.541666667	15.318
43468	0.583333333	14.912
43468	0.625	14.96
43468	0.666666667	15.008
43468	0.708333333	15.079
43468	0.75	15.27
43468	0.791666667	15.342
43468	0.833333333	15.342
43468	0.875	15.39
43468	0.916666667	15.438
43468	0.958333333	15.414
43469	0	15.533
43469	0.041666667	15.509
43469	0.083333333	15.485
43469	0.125	15.438
43469	0.166666667	15.39
43469	0.208333333	15.366
43469	0.25	15.39
43469	0.291666667	15.438
43469	0.333333333	15.485
43469	0.375	15.533
43469	0.416666667	15.581
43469	0.458333333	15.676
43469	0.5	15.724
43469	0.541666667	15.772
43469	0.583333333	15.772
43469	0.625	15.772
43469	0.666666667	15.796
43469	0.708333333	15.772
43469	0.75	15.843
43469	0.791666667	15.867
43469	0.833333333	15.867
43469	0.875	15.843
43469	0.916666667	15.915
43469	0.958333333	15.891
43470	0	15.867
43470	0.041666667	15.843
43470	0.083333333	15.843
43470	0.125	15.843
43470	0.166666667	15.843
43470	0.208333333	15.819
43470	0.25	15.772
43470	0.291666667	15.748
43470	0.333333333	15.676
43470	0.375	15.581
43470	0.416666667	15.557
43470	0.458333333	15.438
43470	0.5	15.461
43470	0.541666667	15.485
43470	0.583333333	15.533
43470	0.625	15.533
43470	0.666666667	15.557
43470	0.708333333	15.533
43470	0.75	15.485
43470	0.791666667	15.533
43470	0.833333333	15.485
43470	0.875	15.485
43470	0.916666667	15.557
43470	0.958333333	15.581
43471	0	15.581
43471	0.041666667	15.557
43471	0.083333333	15.461
43471	0.125	15.39
43471	0.166666667	15.318
43471	0.208333333	15.318
43471	0.25	15.366
43471	0.291666667	15.557
43471	0.333333333	15.533
43471	0.375	15.485
43471	0.416666667	15.414
43471	0.458333333	15.39
43471	0.5	15.438
43471	0.541666667	15.461
43471	0.583333333	15.438
43471	0.625	15.414
43471	0.666666667	15.39
43471	0.708333333	15.414
43471	0.75	15.39
43471	0.791666667	15.533
43471	0.833333333	15.629
43471	0.875	15.605
43471	0.916666667	15.605
43471	0.958333333	15.629
43472	0	15.605
43472	0.041666667	15.605
43472	0.083333333	15.366
43472	0.125	15.223
43472	0.166666667	15.247
43472	0.208333333	15.199
43472	0.25	15.27
43472	0.291666667	15.27
43472	0.333333333	15.294
43472	0.375	15.27
43472	0.416666667	15.151
43472	0.458333333	15.175
43472	0.5	15.223
43472	0.541666667	15.199
43472	0.583333333	15.199
43472	0.625	15.223
43472	0.666666667	15.27
43472	0.708333333	15.318
43472	0.75	15.342
43472	0.791666667	15.342
43472	0.833333333	15.366
43472	0.875	15.414
43472	0.916666667	15.39
43472	0.958333333	15.414
43473	0	15.438
43473	0.041666667	15.557
43473	0.083333333	15.557
43473	0.125	15.557
43473	0.166666667	15.461
43473	0.208333333	15.485
43473	0.25	15.318
43473	0.291666667	15.342
43473	0.333333333	15.342
43473	0.375	15.342
43473	0.416666667	15.27
43473	0.458333333	15.342
43473	0.5	15.294
43473	0.541666667	14.912
43473	0.583333333	14.912
43473	0.625	15.008
43473	0.666666667	15.055
43473	0.708333333	15.079
43473	0.75	15.031
43473	0.791666667	14.96
43473	0.833333333	15.008
43473	0.875	15.079
43473	0.916666667	14.816
43473	0.958333333	14.888
43474	0	14.84
43474	0.041666667	14.816
43474	0.083333333	14.864
43474	0.125	14.864
43474	0.166666667	14.912
43474	0.208333333	14.864
43474	0.25	14.936
43474	0.291666667	15.103
43474	0.333333333	14.864
43474	0.375	14.864
43474	0.416666667	14.577
43474	0.458333333	14.553
43474	0.5	14.673
43474	0.541666667	14.721
43474	0.583333333	14.768
43474	0.625	14.745
43474	0.666666667	14.792
43474	0.708333333	14.864
43474	0.75	14.96
43474	0.791666667	15.055
43474	0.833333333	15.127
43474	0.875	15.27
43474	0.916666667	15.294
43474	0.958333333	15.318
43475	0	15.199
43475	0.041666667	15.366
43475	0.083333333	15.438
43475	0.125	15.438
43475	0.166666667	15.175
43475	0.208333333	15.247
43475	0.25	14.649
43475	0.291666667	14.649
43475	0.333333333	14.697
43475	0.375	14.433
43475	0.416666667	14.529
43475	0.458333333	14.625
43475	0.5	14.673
43475	0.541666667	14.577
43475	0.583333333	14.721
43475	0.625	14.864
43475	0.666666667	14.96
43475	0.708333333	14.888
43475	0.75	15.055
43475	0.791666667	14.936
43475	0.833333333	14.936
43475	0.875	14.984
43475	0.916666667	14.96
43475	0.958333333	15.008
43476	0	15.055
43476	0.041666667	15.055
43476	0.083333333	15.008
43476	0.125	15.008
43476	0.166666667	15.103
43476	0.208333333	15.055
43476	0.25	15.055
43476	0.291666667	15.079
43476	0.333333333	15.008
43476	0.375	14.96
43476	0.416666667	14.745
43476	0.458333333	14.721
43476	0.5	14.721
43476	0.541666667	14.745
43476	0.583333333	14.792
43476	0.625	14.864
43476	0.666666667	14.984
43476	0.708333333	14.96
43476	0.75	14.96
43476	0.791666667	15.008
43476	0.833333333	15.055
43476	0.875	15.103
43476	0.916666667	15.103
43476	0.958333333	15.079
43477	0	15.055
43477	0.041666667	15.008
43477	0.083333333	15.008
43477	0.125	14.984
43477	0.166666667	14.936
43477	0.208333333	14.96
43477	0.25	14.984
43477	0.291666667	14.792
43477	0.333333333	14.745
43477	0.375	14.697
43477	0.416666667	14.721
43477	0.458333333	14.721
43477	0.5	14.673
43477	0.541666667	14.601
43477	0.583333333	14.601
43477	0.625	14.625
43477	0.666666667	14.721
43477	0.708333333	14.745
43477	0.75	14.816
43477	0.791666667	14.864
43477	0.833333333	14.936
43477	0.875	14.984
43477	0.916666667	14.984
43477	0.958333333	15.031
43478	0	15.103
43478	0.041666667	15.055
43478	0.083333333	15.031
43478	0.125	14.912
43478	0.166666667	14.816
43478	0.208333333	14.864
43478	0.25	14.84
43478	0.291666667	14.84
43478	0.333333333	14.864
43478	0.375	14.864
43478	0.416666667	14.84
43478	0.458333333	14.529
43478	0.5	14.529
43478	0.541666667	14.505
43478	0.583333333	14.553
43478	0.625	14.577
43478	0.666666667	14.649
43478	0.708333333	14.745
43478	0.75	14.745
43478	0.791666667	14.721
43478	0.833333333	14.721
43478	0.875	14.721
43478	0.916666667	14.745
43478	0.958333333	14.529
43479	0	14.505
43479	0.041666667	14.649
43479	0.083333333	14.625
43479	0.125	14.649
43479	0.166666667	14.721
43479	0.208333333	14.792
43479	0.25	14.816
43479	0.291666667	14.792
43479	0.333333333	14.721
43479	0.375	14.697
43479	0.416666667	14.697
43479	0.458333333	14.745
43479	0.5	14.745
43479	0.541666667	14.721
43479	0.583333333	14.745
43479	0.625	14.721
43479	0.666666667	14.745
43479	0.708333333	14.721
43479	0.75	14.721
43479	0.791666667	14.697
43479	0.833333333	14.625
43479	0.875	14.649
43479	0.916666667	14.601
43479	0.958333333	14.601
43480	0	14.385
43480	0.041666667	14.314
43480	0.083333333	14.146
43480	0.125	14.146
43480	0.166666667	14.122
43480	0.208333333	14.146
43480	0.25	14.361
43480	0.291666667	14.29
43480	0.333333333	14.529
43480	0.375	14.625
43480	0.416666667	14.673
43480	0.458333333	14.721
43480	0.5	14.721
43480	0.541666667	14.721
43480	0.583333333	14.697
43480	0.625	14.673
43480	0.666666667	14.721
43480	0.708333333	14.768
43480	0.75	14.792
43480	0.791666667	14.864
43480	0.833333333	14.936
43480	0.875	14.96
43480	0.916666667	14.936
43480	0.958333333	14.936
43481	0	14.888
43481	0.041666667	14.864
43481	0.083333333	14.888
43481	0.125	14.912
43481	0.166666667	14.888
43481	0.208333333	14.864
43481	0.25	14.864
43481	0.291666667	14.864
43481	0.333333333	14.888
43481	0.375	14.864
43481	0.416666667	14.864
43481	0.458333333	14.864
43481	0.5	14.84
43481	0.541666667	14.84
43481	0.583333333	14.816
43481	0.625	14.84
43481	0.666666667	14.864
43481	0.708333333	14.864
43481	0.75	14.864
43481	0.791666667	14.864
43481	0.833333333	14.864
43481	0.875	14.888
43481	0.916666667	14.888
43481	0.958333333	14.888
43482	0	14.888
43482	0.041666667	14.888
43482	0.083333333	14.888
43482	0.125	14.888
43482	0.166666667	14.888
43482	0.208333333	14.888
43482	0.25	14.888
43482	0.291666667	14.888
43482	0.333333333	14.888
43482	0.375	14.888
43482	0.416666667	14.888
43482	0.458333333	14.864
43482	0.5	14.864
43482	0.541666667	14.864
43482	0.583333333	14.864
43482	0.625	14.864
43482	0.666666667	14.864
43482	0.708333333	14.84
43482	0.75	14.816
43482	0.791666667	14.84
43482	0.833333333	14.84
43482	0.875	14.84
43482	0.916666667	14.84
43482	0.958333333	14.864
43483	0	14.888
43483	0.041666667	14.888
43483	0.083333333	14.888
43483	0.125	14.864
43483	0.166666667	14.721
43483	0.208333333	14.816
43483	0.25	14.792
43483	0.291666667	14.601
43483	0.333333333	14.601
43483	0.375	14.673
43483	0.416666667	14.601
43483	0.458333333	14.625
43483	0.5	14.625
43483	0.541666667	14.625
43483	0.583333333	14.625
43483	0.625	14.625
43483	0.666666667	14.625
43483	0.708333333	14.553
43483	0.75	14.433
43483	0.791666667	14.409
43483	0.833333333	14.385
43483	0.875	14.409
43483	0.916666667	14.481
43483	0.958333333	14.529
43484	0	14.505
43484	0.041666667	14.481
43484	0.083333333	14.409
43484	0.125	14.361
43484	0.166666667	14.361
43484	0.208333333	14.361
43484	0.25	14.361
43484	0.291666667	14.361
43484	0.333333333	14.457
43484	0.375	14.481
43484	0.416666667	14.529
43484	0.458333333	14.577
43484	0.5	14.577
43484	0.541666667	14.553
43484	0.583333333	14.553
43484	0.625	14.577
43484	0.666666667	14.601
43484	0.708333333	14.601
43484	0.75	14.601
43484	0.791666667	14.601
43484	0.833333333	14.601
43484	0.875	14.601
43484	0.916666667	14.625
43484	0.958333333	14.625
43485	0	14.625
43485	0.041666667	14.625
43485	0.083333333	14.625
43485	0.125	14.625
43485	0.166666667	14.625
43485	0.208333333	14.601
43485	0.25	14.601
43485	0.291666667	14.601
43485	0.333333333	14.601
43485	0.375	14.601
43485	0.416666667	14.601
43485	0.458333333	14.601
43485	0.5	14.625
43485	0.541666667	14.625
43485	0.583333333	14.649
43485	0.625	14.673
43485	0.666666667	14.673
43485	0.708333333	14.649
43485	0.75	14.625
43485	0.791666667	14.601
43485	0.833333333	14.601
43485	0.875	14.577
43485	0.916666667	14.625
43485	0.958333333	14.601
43486	0	14.577
43486	0.041666667	14.553
43486	0.083333333	14.553
43486	0.125	14.553
43486	0.166666667	14.529
43486	0.208333333	14.505
43486	0.25	14.505
43486	0.291666667	14.505
43486	0.333333333	14.505
43486	0.375	14.505
43486	0.416666667	14.529
43486	0.458333333	14.529
43486	0.5	14.577
43486	0.541666667	14.577
43486	0.583333333	14.577
43486	0.625	14.601
43486	0.666666667	14.601
43486	0.708333333	14.577
43486	0.75	14.577
43486	0.791666667	14.577
43486	0.833333333	14.601
43486	0.875	14.601
43486	0.916666667	14.601
43486	0.958333333	14.601
43487	0	14.577
43487	0.041666667	14.577
43487	0.083333333	14.577
43487	0.125	14.577
43487	0.166666667	14.577
43487	0.208333333	14.577
43487	0.25	14.577
43487	0.291666667	14.553
43487	0.333333333	14.553
43487	0.375	14.577
43487	0.416666667	14.242
43487	0.458333333	14.529
43487	0.5	13.666
43487	0.541666667	13.69
43487	0.583333333	13.786
43487	0.625	13.834
43487	0.666666667	13.714
43487	0.708333333	13.714
43487	0.75	13.786
43487	0.791666667	13.906
43487	0.833333333	14.026
43487	0.875	14.242
43487	0.916666667	14.361
43487	0.958333333	14.385
43488	0	14.481
43488	0.041666667	14.457
43488	0.083333333	14.481
43488	0.125	14.505
43488	0.166666667	14.505
43488	0.208333333	14.002
43488	0.25	14.05
43488	0.291666667	14.242
43488	0.333333333	14.314
43488	0.375	14.29
43488	0.416666667	14.218
43488	0.458333333	14.266
43488	0.5	14.05
43488	0.541666667	14.218
43488	0.583333333	14.218
43488	0.625	14.194
43488	0.666666667	14.194
43488	0.708333333	14.194
43488	0.75	14.194
43488	0.791666667	14.17
43488	0.833333333	14.146
43488	0.875	13.858
43488	0.916666667	13.786
43488	0.958333333	13.786
43489	0	13.834
43489	0.041666667	13.882
43489	0.083333333	13.954
43489	0.125	14.002
43489	0.166666667	14.074
43489	0.208333333	14.098
43489	0.25	14.074
43489	0.291666667	14.074
43489	0.333333333	14.074
43489	0.375	13.954
43489	0.416666667	13.834
43489	0.458333333	13.906
43489	0.5	13.834
43489	0.541666667	13.858
43489	0.583333333	13.762
43489	0.625	13.714
43489	0.666666667	13.882
43489	0.708333333	13.93
43489	0.75	13.954
43489	0.791666667	14.026
43489	0.833333333	13.954
43489	0.875	14.122
43489	0.916666667	14.05
43489	0.958333333	14.05
43490	0	13.425
43490	0.041666667	13.546
43490	0.083333333	13.57
43490	0.125	13.594
43490	0.166666667	13.762
43490	0.208333333	13.714
43490	0.25	13.666
43490	0.291666667	13.618
43490	0.333333333	13.642
43490	0.375	13.449
43490	0.416666667	13.473
43490	0.458333333	13.497
43490	0.5	13.425
43490	0.541666667	13.425
43490	0.583333333	13.473
43490	0.625	13.57
43490	0.666666667	13.594
43490	0.708333333	13.666
43490	0.75	13.786
43490	0.791666667	13.906
43490	0.833333333	14.098
43490	0.875	14.17
43490	0.916666667	14.29
43490	0.958333333	14.29
43491	0	14.29
43491	0.041666667	14.29
43491	0.083333333	14.29
43491	0.125	14.266
43491	0.166666667	13.834
43491	0.208333333	13.786
43491	0.25	13.714
43491	0.291666667	13.738
43491	0.333333333	13.786
43491	0.375	13.858
43491	0.416666667	13.858
43491	0.458333333	13.858
43491	0.5	13.858
43491	0.541666667	13.906
43491	0.583333333	13.954
43491	0.625	13.882
43491	0.666666667	13.906
43491	0.708333333	13.978
43491	0.75	14.05
43491	0.791666667	14.146
43491	0.833333333	14.242
43491	0.875	14.242
43491	0.916666667	14.29
43491	0.958333333	14.29
43492	0	14.29
43492	0.041666667	14.29
43492	0.083333333	14.266
43492	0.125	14.266
43492	0.166666667	14.242
43492	0.208333333	14.218
43492	0.25	14.194
43492	0.291666667	14.17
43492	0.333333333	14.194
43492	0.375	14.098
43492	0.416666667	14.098
43492	0.458333333	14.122
43492	0.5	14.074
43492	0.541666667	13.978
43492	0.583333333	14.002
43492	0.625	13.906
43492	0.666666667	13.954
43492	0.708333333	14.026
43492	0.75	14.17
43492	0.791666667	14.194
43492	0.833333333	14.194
43492	0.875	14.146
43492	0.916666667	14.05
43492	0.958333333	14.026
43493	0	14.05
43493	0.041666667	14.074
43493	0.083333333	14.026
43493	0.125	14.026
43493	0.166666667	14.026
43493	0.208333333	14.002
43493	0.25	13.978
43493	0.291666667	13.954
43493	0.333333333	13.954
43493	0.375	13.978
43493	0.416666667	13.978
43493	0.458333333	13.93
43493	0.5	13.954
43493	0.541666667	13.906
43493	0.583333333	13.954
43493	0.625	13.906
43493	0.666666667	13.858
43493	0.708333333	13.858
43493	0.75	13.834
43493	0.791666667	13.834
43493	0.833333333	13.786
43493	0.875	13.81
43493	0.916666667	13.81
43493	0.958333333	13.738
43494	0	13.738
43494	0.041666667	13.738
43494	0.083333333	13.642
43494	0.125	13.642
43494	0.166666667	13.546
43494	0.208333333	13.401
43494	0.25	13.594
43494	0.291666667	13.69
43494	0.333333333	13.666
43494	0.375	13.666
43494	0.416666667	13.666
43494	0.458333333	13.642
43494	0.5	13.618
43494	0.541666667	13.233
43494	0.583333333	13.257
43494	0.625	13.377
43494	0.666666667	13.522
43494	0.708333333	13.714
43494	0.75	13.738
43494	0.791666667	13.786
43494	0.833333333	13.81
43494	0.875	13.786
43494	0.916666667	13.762
43494	0.958333333	13.786
43495	0	13.762
43495	0.041666667	13.762
43495	0.083333333	13.81
43495	0.125	13.714
43495	0.166666667	13.714
43495	0.208333333	13.738
43495	0.25	13.738
43495	0.291666667	13.81
43495	0.333333333	13.834
43495	0.375	13.858
43495	0.416666667	13.81
43495	0.458333333	13.81
43495	0.5	13.786
43495	0.541666667	13.81
43495	0.583333333	13.906
43495	0.625	13.642
43495	0.666666667	13.57
43495	0.708333333	13.522
43495	0.75	13.546
43495	0.791666667	13.714
43495	0.833333333	13.762
43495	0.875	13.546
43495	0.916666667	13.522
43495	0.958333333	13.377
43496	0	13.666
43496	0.041666667	13.69
43496	0.083333333	13.666
43496	0.125	13.642
43496	0.166666667	13.497
43496	0.208333333	13.233
43496	0.25	13.209
43496	0.291666667	13.161
43496	0.333333333	13.209
43496	0.375	13.233
43496	0.416666667	13.329
43496	0.458333333	13.353
43496	0.5	13.305
43496	0.541666667	13.377
43496	0.583333333	13.449
43496	0.625	13.497
43496	0.666666667	13.57
43496	0.708333333	13.618
43496	0.75	13.642
43496	0.791666667	13.69
43496	0.833333333	13.714
43496	0.875	13.762
43496	0.916666667	13.762
43496	0.958333333	13.762
43497	0	13.762
43497	0.041666667	13.762
43497	0.083333333	13.762
43497	0.125	13.762
43497	0.166666667	13.762
43497	0.208333333	13.762
43497	0.25	13.762
43497	0.291666667	13.762
43497	0.333333333	13.762
43497	0.375	13.762
43497	0.416666667	13.762
43497	0.458333333	13.762
43497	0.5	13.762
43497	0.541666667	13.762
43497	0.583333333	13.762
43497	0.625	13.762
43497	0.666666667	13.762
43497	0.708333333	13.762
43497	0.75	13.738
43497	0.791666667	13.69
43497	0.833333333	13.738
43497	0.875	13.738
43497	0.916666667	13.738
43497	0.958333333	13.762
43498	0	13.762
43498	0.041666667	13.762
43498	0.083333333	13.762
43498	0.125	13.762
43498	0.166666667	13.762
43498	0.208333333	13.762
43498	0.25	13.762
43498	0.291666667	13.762
43498	0.333333333	13.762
43498	0.375	13.762
43498	0.416666667	13.762
43498	0.458333333	13.738
43498	0.5	13.594
43498	0.541666667	13.666
43498	0.583333333	13.738
43498	0.625	13.786
43498	0.666666667	13.786
43498	0.708333333	13.786
43498	0.75	13.81
43498	0.791666667	13.81
43498	0.833333333	13.81
43498	0.875	13.81
43498	0.916666667	13.81
43498	0.958333333	13.81
43499	0	13.81
43499	0.041666667	13.81
43499	0.083333333	13.762
43499	0.125	13.738
43499	0.166666667	13.786
43499	0.208333333	13.786
43499	0.25	13.738
43499	0.291666667	13.786
43499	0.333333333	13.81
43499	0.375	13.834
43499	0.416666667	13.834
43499	0.458333333	13.858
43499	0.5	13.858
43499	0.541666667	13.834
43499	0.583333333	13.834
43499	0.625	13.834
43499	0.666666667	13.834
43499	0.708333333	13.834
43499	0.75	13.762
43499	0.791666667	13.738
43499	0.833333333	13.642
43499	0.875	13.594
43499	0.916666667	13.762
43499	0.958333333	13.858
43500	0	13.858
43500	0.041666667	13.858
43500	0.083333333	13.642
43500	0.125	13.57
43500	0.166666667	13.329
43500	0.208333333	13.233
43500	0.25	13.137
43500	0.291666667	13.016
43500	0.333333333	13.137
43500	0.375	13.064
43500	0.416666667	13.088
43500	0.458333333	13.185
43500	0.5	13.04
43500	0.541666667	13.137
43500	0.583333333	13.522
43500	0.625	13.522
43500	0.666666667	13.522
43500	0.708333333	13.57
43500	0.75	13.594
43500	0.791666667	13.642
43500	0.833333333	13.714
43500	0.875	13.666
43500	0.916666667	13.618
43500	0.958333333	13.714
43501	0	13.762
43501	0.041666667	13.762
43501	0.083333333	13.762
43501	0.125	13.738
43501	0.166666667	13.738
43501	0.208333333	13.738
43501	0.25	13.69
43501	0.291666667	13.738
43501	0.333333333	13.738
43501	0.375	13.714
43501	0.416666667	13.69
43501	0.458333333	13.714
43501	0.5	13.738
43501	0.541666667	13.762
43501	0.583333333	13.762
43501	0.625	13.762
43501	0.666666667	13.738
43501	0.708333333	13.738
43501	0.75	13.762
43501	0.791666667	13.738
43501	0.833333333	13.738
43501	0.875	13.762
43501	0.916666667	13.786
43501	0.958333333	13.786
43502	0	13.786
43502	0.041666667	13.786
43502	0.083333333	13.762
43502	0.125	13.786
43502	0.166666667	13.786
43502	0.208333333	13.786
43502	0.25	13.786
43502	0.291666667	13.81
43502	0.333333333	13.81
43502	0.375	13.81
43502	0.416666667	13.81
43502	0.458333333	13.81
43502	0.5	13.81
43502	0.541666667	13.834
43502	0.583333333	13.834
43502	0.625	13.81
43502	0.666666667	13.81
43502	0.708333333	13.81
43502	0.75	13.81
43502	0.791666667	13.81
43502	0.833333333	13.81
43502	0.875	13.81
43502	0.916666667	13.81
43502	0.958333333	13.81
43503	0	13.81
43503	0.041666667	13.81
43503	0.083333333	13.81
43503	0.125	13.81
43503	0.166666667	13.81
43503	0.208333333	13.81
43503	0.25	13.834
43503	0.291666667	13.834
43503	0.333333333	13.834
43503	0.375	13.834
43503	0.416666667	13.834
43503	0.458333333	13.834
43503	0.5	13.834
43503	0.541666667	13.81
43503	0.583333333	13.834
43503	0.625	13.834
43503	0.666666667	13.81
43503	0.708333333	13.834
43503	0.75	13.81
43503	0.791666667	13.81
43503	0.833333333	13.81
43503	0.875	13.834
43503	0.916666667	13.834
43503	0.958333333	13.834
43504	0	13.834
43504	0.041666667	13.834
43504	0.083333333	13.834
43504	0.125	13.834
43504	0.166666667	13.834
43504	0.208333333	13.762
43504	0.25	13.473
43504	0.291666667	13.449
43504	0.333333333	13.449
43504	0.375	13.257
43504	0.416666667	13.305
43504	0.458333333	13.353
43504	0.5	13.425
43504	0.541666667	13.425
43504	0.583333333	13.281
43504	0.625	13.209
43504	0.666666667	13.185
43504	0.708333333	13.377
43504	0.75	13.497
43504	0.791666667	13.546
43504	0.833333333	13.546
43504	0.875	13.57
43504	0.916666667	13.618
43504	0.958333333	13.57
43505	0	13.57
43505	0.041666667	13.69
43505	0.083333333	13.69
43505	0.125	13.714
43505	0.166666667	13.69
43505	0.208333333	13.69
43505	0.25	13.642
43505	0.291666667	13.618
43505	0.333333333	13.57
43505	0.375	13.522
43505	0.416666667	13.497
43505	0.458333333	13.449
43505	0.5	13.449
43505	0.541666667	13.449
43505	0.583333333	13.522
43505	0.625	13.546
43505	0.666666667	13.57
43505	0.708333333	13.57
43505	0.75	13.594
43505	0.791666667	13.594
43505	0.833333333	13.594
43505	0.875	13.618
43505	0.916666667	13.618
43505	0.958333333	13.618
43506	0	13.594
43506	0.041666667	13.522
43506	0.083333333	13.497
43506	0.125	13.497
43506	0.166666667	13.57
43506	0.208333333	13.546
43506	0.25	13.546
43506	0.291666667	13.57
43506	0.333333333	13.642
43506	0.375	13.666
43506	0.416666667	13.714
43506	0.458333333	13.714
43506	0.5	13.762
43506	0.541666667	13.762
43506	0.583333333	13.762
43506	0.625	13.762
43506	0.666666667	13.762
43506	0.708333333	13.786
43506	0.75	13.81
43506	0.791666667	13.81
43506	0.833333333	13.81
43506	0.875	13.81
43506	0.916666667	13.786
43506	0.958333333	13.762
43507	0	13.762
43507	0.041666667	13.762
43507	0.083333333	13.786
43507	0.125	13.786
43507	0.166666667	13.69
43507	0.208333333	13.714
43507	0.25	13.618
43507	0.291666667	13.594
43507	0.333333333	13.57
43507	0.375	13.57
43507	0.416666667	13.546
43507	0.458333333	13.522
43507	0.5	13.522
43507	0.541666667	13.546
43507	0.583333333	13.546
43507	0.625	13.522
43507	0.666666667	13.546
43507	0.708333333	13.522
43507	0.75	13.473
43507	0.791666667	13.546
43507	0.833333333	13.57
43507	0.875	13.522
43507	0.916666667	13.546
43507	0.958333333	13.522
43508	0	13.522
43508	0.041666667	13.497
43508	0.083333333	13.497
43508	0.125	13.497
43508	0.166666667	13.522
43508	0.208333333	13.522
43508	0.25	13.546
43508	0.291666667	13.473
43508	0.333333333	13.497
43508	0.375	13.522
43508	0.416666667	13.088
43508	0.458333333	13.209
43508	0.5	13.161
43508	0.541666667	13.185
43508	0.583333333	13.088
43508	0.625	13.209
43508	0.666666667	13.329
43508	0.708333333	13.449
43508	0.75	13.57
43508	0.791666667	13.594
43508	0.833333333	13.642
43508	0.875	13.666
43508	0.916666667	13.666
43508	0.958333333	13.666
43509	0	13.666
43509	0.041666667	13.666
43509	0.083333333	13.666
43509	0.125	13.57
43509	0.166666667	13.546
43509	0.208333333	13.546
43509	0.25	13.546
43509	0.291666667	13.546
43509	0.333333333	13.546
43509	0.375	13.594
43509	0.416666667	13.594
43509	0.458333333	13.594
43509	0.5	13.618
43509	0.541666667	13.618
43509	0.583333333	13.618
43509	0.625	13.618
43509	0.666666667	13.618
43509	0.708333333	13.618
43509	0.75	13.618
43509	0.791666667	13.618
43509	0.833333333	13.594
43509	0.875	13.618
43509	0.916666667	13.618
43509	0.958333333	13.618
43510	0	13.618
43510	0.041666667	13.618
43510	0.083333333	13.618
43510	0.125	13.618
43510	0.166666667	13.618
43510	0.208333333	13.618
43510	0.25	13.618
43510	0.291666667	13.642
43510	0.333333333	13.642
43510	0.375	13.642
43510	0.416666667	13.666
43510	0.458333333	13.666
43510	0.5	13.642
43510	0.541666667	13.666
43510	0.583333333	13.666
43510	0.625	13.666
43510	0.666666667	13.666
43510	0.708333333	13.666
43510	0.75	13.666
43510	0.791666667	13.666
43510	0.833333333	13.666
43510	0.875	13.666
43510	0.916666667	13.666
43510	0.958333333	13.666
43511	0	13.666
43511	0.041666667	13.666
43511	0.083333333	13.666
43511	0.125	13.666
43511	0.166666667	13.666
43511	0.208333333	13.666
43511	0.25	13.666
43511	0.291666667	13.666
43511	0.333333333	13.666
43511	0.375	13.666
43511	0.416666667	13.666
43511	0.458333333	13.666
43511	0.5	13.666
43511	0.541666667	13.618
43511	0.583333333	13.546
43511	0.625	13.522
43511	0.666666667	13.497
43511	0.708333333	13.546
43511	0.75	13.546
43511	0.791666667	13.546
43511	0.833333333	13.546
43511	0.875	13.594
43511	0.916666667	13.618
43511	0.958333333	13.642
43512	0	13.666
43512	0.041666667	13.666
43512	0.083333333	13.666
43512	0.125	13.666
43512	0.166666667	13.69
43512	0.208333333	13.69
43512	0.25	13.69
43512	0.291666667	13.69
43512	0.333333333	13.69
43512	0.375	13.69
43512	0.416666667	13.69
43512	0.458333333	13.69
43512	0.5	13.69
43512	0.541666667	13.714
43512	0.583333333	13.714
43512	0.625	13.714
43512	0.666666667	13.714
43512	0.708333333	13.714
43512	0.75	13.714
43512	0.791666667	13.714
43512	0.833333333	13.714
43512	0.875	13.714
43512	0.916666667	13.69
43512	0.958333333	13.666
43513	0	13.69
43513	0.041666667	13.69
43513	0.083333333	13.666
43513	0.125	13.69
43513	0.166666667	13.69
43513	0.208333333	13.69
43513	0.25	13.69
43513	0.291666667	13.666
43513	0.333333333	13.666
43513	0.375	13.666
43513	0.416666667	13.69
43513	0.458333333	13.69
43513	0.5	13.69
43513	0.541666667	13.69
43513	0.583333333	13.69
43513	0.625	13.714
43513	0.666666667	13.69
43513	0.708333333	13.69
43513	0.75	13.69
43513	0.791666667	13.69
43513	0.833333333	13.69
43513	0.875	13.69
43513	0.916666667	13.69
43513	0.958333333	13.69
43514	0	13.69
43514	0.041666667	13.714
43514	0.083333333	13.714
43514	0.125	13.714
43514	0.166666667	13.714
43514	0.208333333	13.714
43514	0.25	13.714
43514	0.291666667	13.714
43514	0.333333333	13.762
43514	0.375	13.762
43514	0.416666667	13.786
43514	0.458333333	13.786
43514	0.5	13.762
43514	0.541666667	13.762
43514	0.583333333	13.762
43514	0.625	13.738
43514	0.666666667	13.738
43514	0.708333333	13.738
43514	0.75	13.738
43514	0.791666667	13.714
43514	0.833333333	13.714
43514	0.875	13.714
43514	0.916666667	13.714
43514	0.958333333	13.738
43515	0	13.738
43515	0.041666667	13.738
43515	0.083333333	13.738
43515	0.125	13.738
43515	0.166666667	13.738
43515	0.208333333	13.738
43515	0.25	13.738
43515	0.291666667	13.738
43515	0.333333333	13.738
43515	0.375	13.738
43515	0.416666667	13.738
43515	0.458333333	13.762
43515	0.5	13.786
43515	0.541666667	13.81
43515	0.583333333	13.81
43515	0.625	13.762
43515	0.666666667	13.762
43515	0.708333333	13.762
43515	0.75	13.762
43515	0.791666667	13.762
43515	0.833333333	13.762
43515	0.875	13.762
43515	0.916666667	13.762
43515	0.958333333	13.762
43516	0	13.762
43516	0.041666667	13.762
43516	0.083333333	13.762
43516	0.125	13.762
43516	0.166666667	13.762
43516	0.208333333	13.762
43516	0.25	13.786
43516	0.291666667	13.762
43516	0.333333333	13.786
43516	0.375	13.69
43516	0.416666667	13.473
43516	0.458333333	13.425
43516	0.5	13.497
43516	0.541666667	13.473
43516	0.583333333	13.425
43516	0.625	13.546
43516	0.666666667	13.666
43516	0.708333333	13.618
43516	0.75	13.714
43516	0.791666667	13.762
43516	0.833333333	13.714
43516	0.875	13.714
43516	0.916666667	13.69
43516	0.958333333	13.594
43517	0	13.618
43517	0.041666667	13.594
43517	0.083333333	13.594
43517	0.125	13.57
43517	0.166666667	13.618
43517	0.208333333	13.666
43517	0.25	13.642
43517	0.291666667	13.594
43517	0.333333333	13.69
43517	0.375	13.69
43517	0.416666667	13.69
43517	0.458333333	13.714
43517	0.5	13.738
43517	0.541666667	13.738
43517	0.583333333	13.738
43517	0.625	13.738
43517	0.666666667	13.786
43517	0.708333333	13.762
43517	0.75	13.762
43517	0.791666667	13.762
43517	0.833333333	13.738
43517	0.875	13.762
43517	0.916666667	13.762
43517	0.958333333	13.762
43518	0	13.738
43518	0.041666667	13.738
43518	0.083333333	13.738
43518	0.125	13.738
43518	0.166666667	13.714
43518	0.208333333	13.714
43518	0.25	13.714
43518	0.291666667	13.714
43518	0.333333333	13.714
43518	0.375	13.714
43518	0.416666667	13.69
43518	0.458333333	13.69
43518	0.5	13.738
43518	0.541666667	13.738
43518	0.583333333	13.714
43518	0.625	13.714
43518	0.666666667	13.762
43518	0.708333333	13.762
43518	0.75	13.738
43518	0.791666667	13.738
43518	0.833333333	13.738
43518	0.875	13.714
43518	0.916666667	13.714
43518	0.958333333	13.714
43519	0	13.714
43519	0.041666667	13.714
43519	0.083333333	13.714
43519	0.125	13.714
43519	0.166666667	13.714
43519	0.208333333	13.714
43519	0.25	13.714
43519	0.291666667	13.714
43519	0.333333333	13.738
43519	0.375	13.738
43519	0.416666667	13.738
43519	0.458333333	13.738
43519	0.5	13.714
43519	0.541666667	13.714
43519	0.583333333	13.714
43519	0.625	13.714
43519	0.666666667	13.714
43519	0.708333333	13.714
43519	0.75	13.714
43519	0.791666667	13.714
43519	0.833333333	13.714
43519	0.875	13.714
43519	0.916666667	13.738
43519	0.958333333	13.714
43520	0	13.714
43520	0.041666667	13.714
43520	0.083333333	13.714
43520	0.125	13.738
43520	0.166666667	13.738
43520	0.208333333	13.762
43520	0.25	13.762
43520	0.291666667	13.738
43520	0.333333333	13.762
43520	0.375	13.738
43520	0.416666667	13.738
43520	0.458333333	13.738
43520	0.5	13.738
43520	0.541666667	13.738
43520	0.583333333	13.762
43520	0.625	13.738
43520	0.666666667	13.738
43520	0.708333333	13.738
43520	0.75	13.738
43520	0.791666667	13.738
43520	0.833333333	13.738
43520	0.875	13.738
43520	0.916666667	13.762
43520	0.958333333	13.762
43521	0	13.762
43521	0.041666667	13.762
43521	0.083333333	13.762
43521	0.125	13.762
43521	0.166666667	13.762
43521	0.208333333	13.762
43521	0.25	13.738
43521	0.291666667	13.738
43521	0.333333333	13.762
43521	0.375	13.762
43521	0.416666667	13.762
43521	0.458333333	13.762
43521	0.5	13.762
43521	0.541666667	13.762
43521	0.583333333	13.762
43521	0.625	13.762
43521	0.666666667	13.762
43521	0.708333333	13.762
43521	0.75	13.762
43521	0.791666667	13.762
43521	0.833333333	13.762
43521	0.875	13.762
43521	0.916666667	13.762
43521	0.958333333	13.762
43522	0	13.762
43522	0.041666667	13.762
43522	0.083333333	13.762
43522	0.125	13.762
43522	0.166666667	13.762
43522	0.208333333	13.762
43522	0.25	13.762
43522	0.291666667	13.762
43522	0.333333333	13.762
43522	0.375	13.762
43522	0.416666667	13.762
43522	0.458333333	13.762
43522	0.5	13.762
43522	0.541666667	13.762
43522	0.583333333	13.738
43522	0.625	13.738
43522	0.666666667	13.762
43522	0.708333333	13.762
43522	0.75	13.762
43522	0.791666667	13.762
43522	0.833333333	13.762
43522	0.875	13.762
43522	0.916666667	13.762
43522	0.958333333	13.762
43523	0	13.762
43523	0.041666667	13.762
43523	0.083333333	13.762
43523	0.125	13.762
43523	0.166666667	13.762
43523	0.208333333	13.762
43523	0.25	13.762
43523	0.291666667	13.762
43523	0.333333333	13.762
43523	0.375	13.762
43523	0.416666667	13.762
43523	0.458333333	13.762
43523	0.5	13.786
43523	0.541666667	13.786
43523	0.583333333	13.786
43523	0.625	13.786
43523	0.666666667	13.762
43523	0.708333333	13.786
43523	0.75	13.786
43523	0.791666667	13.786
43523	0.833333333	13.762
43523	0.875	13.762
43523	0.916666667	13.762
43523	0.958333333	13.762
43524	0	13.762
43524	0.041666667	13.762
43524	0.083333333	13.762
43524	0.125	13.762
43524	0.166666667	13.762
43524	0.208333333	13.762
43524	0.25	13.762
43524	0.291666667	13.786
43524	0.333333333	13.786
43524	0.375	13.762
43524	0.416666667	13.762
43524	0.458333333	13.786
43524	0.5	13.786
43524	0.541666667	13.786
43524	0.583333333	13.786
43524	0.625	13.786
43524	0.666666667	13.786
43524	0.708333333	13.738
43524	0.75	13.738
43524	0.791666667	13.762
43524	0.833333333	13.762
43524	0.875	13.762
43524	0.916666667	13.762
43524	0.958333333	13.762
43525	0	13.762
43525	0.041666667	13.762
43525	0.083333333	13.762
43525	0.125	13.762
43525	0.166666667	13.762
43525	0.208333333	13.762
43525	0.25	13.738
43525	0.291666667	13.762
43525	0.333333333	13.762
43525	0.375	13.786
43525	0.416666667	13.786
43525	0.458333333	13.786
43525	0.5	13.786
43525	0.541666667	13.81
43525	0.583333333	13.81
43525	0.625	13.786
43525	0.666666667	13.786
43525	0.708333333	13.786
43525	0.75	13.762
43525	0.791666667	13.762
43525	0.833333333	13.762
43525	0.875	13.762
43525	0.916666667	13.762
43525	0.958333333	13.762
43526	0	13.714
43526	0.041666667	13.714
43526	0.083333333	13.714
43526	0.125	13.714
43526	0.166666667	13.618
43526	0.208333333	13.57
43526	0.25	13.57
43526	0.291666667	13.546
43526	0.333333333	13.425
43526	0.375	13.522
43526	0.416666667	13.57
43526	0.458333333	13.594
43526	0.5	13.618
43526	0.541666667	13.642
43526	0.583333333	13.666
43526	0.625	13.69
43526	0.666666667	13.714
43526	0.708333333	13.714
43526	0.75	13.738
43526	0.791666667	13.738
43526	0.833333333	13.762
43526	0.875	13.786
43526	0.916666667	13.69
43526	0.958333333	13.69
43527	0	13.666
43527	0.041666667	13.69
43527	0.083333333	13.642
43527	0.125	13.666
43527	0.166666667	13.738
43527	0.208333333	13.762
43527	0.25	13.762
43527	0.291666667	13.786
43527	0.333333333	13.762
43527	0.375	13.786
43527	0.416666667	13.786
43527	0.458333333	13.786
43527	0.5	13.762
43527	0.541666667	13.762
43527	0.583333333	13.762
43527	0.625	13.762
43527	0.666666667	13.762
43527	0.708333333	13.786
43527	0.75	13.786
43527	0.791666667	13.762
43527	0.833333333	13.762
43527	0.875	13.762
43527	0.916666667	13.762
43527	0.958333333	13.762
43528	0	13.762
43528	0.041666667	13.762
43528	0.083333333	13.786
43528	0.125	13.762
43528	0.166666667	13.762
43528	0.208333333	13.738
43528	0.25	13.714
43528	0.291666667	13.714
43528	0.333333333	13.714
43528	0.375	13.714
43528	0.416666667	13.714
43528	0.458333333	13.714
43528	0.5	13.714
43528	0.541666667	13.738
43528	0.583333333	13.738
43528	0.625	13.714
43528	0.666666667	13.762
43528	0.708333333	13.762
43528	0.75	13.762
43528	0.791666667	13.762
43528	0.833333333	13.738
43528	0.875	13.762
43528	0.916666667	13.762
43528	0.958333333	13.786
43529	0	13.762
43529	0.041666667	13.762
43529	0.083333333	13.69
43529	0.125	13.642
43529	0.166666667	13.642
43529	0.208333333	13.642
43529	0.25	13.618
43529	0.291666667	13.618
43529	0.333333333	13.57
43529	0.375	13.546
43529	0.416666667	13.522
43529	0.458333333	13.594
43529	0.5	13.69
43529	0.541666667	13.69
43529	0.583333333	13.714
43529	0.625	13.714
43529	0.666666667	13.69
43529	0.708333333	13.69
43529	0.75	13.714
43529	0.791666667	13.714
43529	0.833333333	13.738
43529	0.875	13.762
43529	0.916666667	13.738
43529	0.958333333	13.738
43530	0	13.762
43530	0.041666667	13.762
43530	0.083333333	13.738
43530	0.125	13.762
43530	0.166666667	13.738
43530	0.208333333	13.738
43530	0.25	13.738
43530	0.291666667	13.714
43530	0.333333333	13.714
43530	0.375	13.69
43530	0.416666667	13.738
43530	0.458333333	13.738
43530	0.5	13.738
43530	0.541666667	13.762
43530	0.583333333	13.762
43530	0.625	13.618
43530	0.666666667	13.666
43530	0.708333333	13.786
43530	0.75	13.81
43530	0.791666667	13.81
43530	0.833333333	13.81
43530	0.875	13.81
43530	0.916666667	13.81
43530	0.958333333	13.786
43531	0	13.786
43531	0.041666667	13.786
43531	0.083333333	13.786
43531	0.125	13.786
43531	0.166666667	13.81
43531	0.208333333	13.81
43531	0.25	13.81
43531	0.291666667	13.81
43531	0.333333333	13.786
43531	0.375	13.81
43531	0.416666667	13.786
43531	0.458333333	13.786
43531	0.5	13.786
43531	0.541666667	13.762
43531	0.583333333	13.762
43531	0.625	13.762
43531	0.666666667	13.786
43531	0.708333333	13.786
43531	0.75	13.81
43531	0.791666667	13.81
43531	0.833333333	13.786
43531	0.875	13.786
43531	0.916666667	13.786
43531	0.958333333	13.786
43532	0	13.786
43532	0.041666667	13.786
43532	0.083333333	13.786
43532	0.125	13.762
43532	0.166666667	13.762
43532	0.208333333	13.762
43532	0.25	13.786
43532	0.291666667	13.786
43532	0.333333333	13.786
43532	0.375	13.786
43532	0.416666667	13.786
43532	0.458333333	13.786
43532	0.5	13.786
43532	0.541666667	13.786
43532	0.583333333	13.786
43532	0.625	13.786
43532	0.666666667	13.786
43532	0.708333333	13.786
43532	0.75	13.786
43532	0.791666667	13.762
43532	0.833333333	13.762
43532	0.875	13.762
43532	0.916666667	13.762
43532	0.958333333	13.762
43533	0	13.762
43533	0.041666667	13.762
43533	0.083333333	13.762
43533	0.125	13.762
43533	0.166666667	13.762
43533	0.208333333	13.762
43533	0.25	13.762
43533	0.291666667	13.762
43533	0.333333333	13.762
43533	0.375	13.762
43533	0.416666667	13.762
43533	0.458333333	13.762
43533	0.5	13.738
43533	0.541666667	13.738
43533	0.583333333	13.738
43533	0.625	13.714
43533	0.666666667	13.714
43533	0.708333333	13.738
43533	0.75	13.738
43533	0.791666667	13.786
43533	0.833333333	13.714
43533	0.875	13.882
43533	0.916666667	13.81
43533	0.958333333	13.906
43534	0	13.858
43534	0.041666667	13.81
43534	0.083333333	13.762
43534	0.125	13.762
43534	0.166666667	13.762
43534	0.208333333	13.762
43534	0.25	13.762
43534	0.291666667	13.81
43534	0.333333333	13.81
43534	0.375	13.762
43534	0.416666667	13.762
43534	0.458333333	13.714
43534	0.5	13.69
43534	0.541666667	13.714
43534	0.583333333	13.69
43534	0.625	13.714
43534	0.666666667	13.714
43534	0.708333333	13.714
43534	0.75	13.714
43534	0.791666667	13.714
43534	0.833333333	13.714
43534	0.875	13.714
43534	0.916666667	13.738
43534	0.958333333	13.762
43535	0	13.762
43535	0.041666667	13.738
43535	0.083333333	13.714
43535	0.125	13.858
43535	0.166666667	13.882
43535	0.208333333	13.858
43535	0.25	13.81
43535	0.291666667	13.858
43535	0.333333333	13.834
43535	0.375	13.81
43535	0.416666667	13.786
43535	0.458333333	13.714
43535	0.5	13.714
43535	0.541666667	13.882
43535	0.583333333	13.906
43535	0.625	13.882
43535	0.666666667	13.906
43535	0.708333333	13.906
43535	0.75	13.858
43535	0.791666667	13.906
43535	0.833333333	13.786
43535	0.875	13.786
43535	0.916666667	13.762
43535	0.958333333	13.762
43536	0	13.738
43536	0.041666667	13.714
43536	0.083333333	13.714
43536	0.125	13.69
43536	0.166666667	13.714
43536	0.208333333	13.69
43536	0.25	13.714
43536	0.291666667	13.714
43536	0.333333333	13.738
43536	0.375	13.666
43536	0.416666667	13.69
43536	0.458333333	13.305
43536	0.5	13.329
43536	0.541666667	13.473
43536	0.583333333	13.618
43536	0.625	13.666
43536	0.666666667	13.666
43536	0.708333333	13.69
43536	0.75	13.714
43536	0.791666667	13.738
43536	0.833333333	13.738
43536	0.875	13.738
43536	0.916666667	13.738
43536	0.958333333	13.738
43537	0	13.738
43537	0.041666667	13.714
43537	0.083333333	13.738
43537	0.125	13.714
43537	0.166666667	13.738
43537	0.208333333	13.738
43537	0.25	13.714
43537	0.291666667	13.714
43537	0.333333333	13.714
43537	0.375	13.69
43537	0.416666667	13.69
43537	0.458333333	13.69
43537	0.5	13.666
43537	0.541666667	13.666
43537	0.583333333	13.666
43537	0.625	13.666
43537	0.666666667	13.666
43537	0.708333333	13.666
43537	0.75	13.69
43537	0.791666667	13.69
43537	0.833333333	13.666
43537	0.875	13.618
43537	0.916666667	13.618
43537	0.958333333	13.618
43538	0	13.594
43538	0.041666667	13.594
43538	0.083333333	13.546
43538	0.125	13.546
43538	0.166666667	13.57
43538	0.208333333	13.546
43538	0.25	13.57
43538	0.291666667	13.57
43538	0.333333333	13.546
43538	0.375	13.522
43538	0.416666667	13.546
43538	0.458333333	13.497
43538	0.5	13.497
43538	0.541666667	13.522
43538	0.583333333	13.522
43538	0.625	13.546
43538	0.666666667	13.546
43538	0.708333333	13.522
43538	0.75	13.546
43538	0.791666667	13.522
43538	0.833333333	13.57
43538	0.875	13.57
43538	0.916666667	13.57
43538	0.958333333	13.522
43539	0	13.522
43539	0.041666667	13.522
43539	0.083333333	13.546
43539	0.125	13.522
43539	0.166666667	13.522
43539	0.208333333	13.546
43539	0.25	13.546
43539	0.291666667	13.522
43539	0.333333333	13.522
43539	0.375	13.546
43539	0.416666667	13.522
43539	0.458333333	13.522
43539	0.5	13.473
43539	0.541666667	13.522
43539	0.583333333	13.522
43539	0.625	13.522
43539	0.666666667	13.522
43539	0.708333333	13.473
43539	0.75	13.425
43539	0.791666667	13.449
43539	0.833333333	13.473
43539	0.875	13.497
43539	0.916666667	13.522
43539	0.958333333	13.497
43540	0	13.473
43540	0.041666667	13.449
43540	0.083333333	13.377
43540	0.125	13.377
43540	0.166666667	13.401
43540	0.208333333	13.522
43540	0.25	13.546
43540	0.291666667	13.57
43540	0.333333333	13.594
43540	0.375	13.57
43540	0.416666667	13.594
43540	0.458333333	13.57
43540	0.5	13.594
43540	0.541666667	13.594
43540	0.583333333	13.618
43540	0.625	13.642
43540	0.666666667	13.666
43540	0.708333333	13.666
43540	0.75	13.666
43540	0.791666667	13.666
43540	0.833333333	13.666
43540	0.875	13.666
43540	0.916666667	13.666
43540	0.958333333	13.666
43541	0	13.666
43541	0.041666667	13.666
43541	0.083333333	13.666
43541	0.125	13.69
43541	0.166666667	13.69
43541	0.208333333	13.69
43541	0.25	13.69
43541	0.291666667	13.69
43541	0.333333333	13.69
43541	0.375	13.69
43541	0.416666667	13.714
43541	0.458333333	13.714
43541	0.5	13.714
43541	0.541666667	13.738
43541	0.583333333	13.762
43541	0.625	13.81
43541	0.666666667	13.81
43541	0.708333333	13.81
43541	0.75	13.786
43541	0.791666667	13.786
43541	0.833333333	13.738
43541	0.875	13.714
43541	0.916666667	13.714
43541	0.958333333	13.714
43542	0	13.714
43542	0.041666667	13.714
43542	0.083333333	13.714
43542	0.125	13.714
43542	0.166666667	13.69
43542	0.208333333	13.714
43542	0.25	13.69
43542	0.291666667	13.69
43542	0.333333333	13.714
43542	0.375	13.714
43542	0.416666667	13.642
43542	0.458333333	13.642
43542	0.5	13.642
43542	0.541666667	13.642
43542	0.583333333	13.642
43542	0.625	13.642
43542	0.666666667	13.69
43542	0.708333333	13.69
43542	0.75	13.69
43542	0.791666667	13.69
43542	0.833333333	13.714
43542	0.875	13.738
43542	0.916666667	13.714
43542	0.958333333	13.714
43543	0	13.714
43543	0.041666667	13.642
43543	0.083333333	13.594
43543	0.125	13.618
43543	0.166666667	13.57
43543	0.208333333	13.57
43543	0.25	13.57
43543	0.291666667	13.57
43543	0.333333333	13.618
43543	0.375	13.618
43543	0.416666667	13.618
43543	0.458333333	13.642
43543	0.5	13.642
43543	0.541666667	13.666
43543	0.583333333	13.666
43543	0.625	13.714
43543	0.666666667	13.762
43543	0.708333333	13.81
43543	0.75	13.786
43543	0.791666667	13.786
43543	0.833333333	13.762
43543	0.875	13.762
43543	0.916666667	13.786
43543	0.958333333	13.762
43544	0	13.762
43544	0.041666667	13.762
43544	0.083333333	13.738
43544	0.125	13.714
43544	0.166666667	13.714
43544	0.208333333	13.714
43544	0.25	13.714
43544	0.291666667	13.714
43544	0.333333333	13.738
43544	0.375	13.738
43544	0.416666667	13.714
43544	0.458333333	13.714
43544	0.5	13.714
43544	0.541666667	13.714
43544	0.583333333	13.714
43544	0.625	13.714
43544	0.666666667	13.714
43544	0.708333333	13.714
43544	0.75	13.762
43544	0.791666667	13.762
43544	0.833333333	13.762
43544	0.875	13.786
43544	0.916666667	13.786
43544	0.958333333	13.786
43545	0	13.786
43545	0.041666667	13.786
43545	0.083333333	13.786
43545	0.125	13.762
43545	0.166666667	13.762
43545	0.208333333	13.762
43545	0.25	13.762
43545	0.291666667	13.762
43545	0.333333333	13.762
43545	0.375	13.786
43545	0.416666667	13.786
43545	0.458333333	13.786
43545	0.5	13.786
43545	0.541666667	13.762
43545	0.583333333	13.762
43545	0.625	13.762
43545	0.666666667	13.762
43545	0.708333333	13.738
43545	0.75	13.762
43545	0.791666667	13.762
43545	0.833333333	13.714
43545	0.875	13.714
43545	0.916666667	13.738
43545	0.958333333	13.714
43546	0	13.714
43546	0.041666667	13.714
43546	0.083333333	13.714
43546	0.125	13.738
43546	0.166666667	13.762
43546	0.208333333	13.738
43546	0.25	13.714
43546	0.291666667	13.738
43546	0.333333333	13.714
43546	0.375	13.738
43546	0.416666667	13.714
43546	0.458333333	13.738
43546	0.5	13.738
43546	0.541666667	13.762
43546	0.583333333	13.762
43546	0.625	13.762
43546	0.666666667	13.762
43546	0.708333333	13.762
43546	0.75	13.762
43546	0.791666667	13.762
43546	0.833333333	13.762
43546	0.875	13.762
43546	0.916666667	13.762
43546	0.958333333	13.786
43547	0	13.786
43547	0.041666667	13.786
43547	0.083333333	13.786
43547	0.125	13.786
43547	0.166666667	13.786
43547	0.208333333	13.786
43547	0.25	13.81
43547	0.291666667	13.81
43547	0.333333333	13.81
43547	0.375	13.81
43547	0.416666667	13.81
43547	0.458333333	13.834
43547	0.5	13.834
43547	0.541666667	13.834
43547	0.583333333	13.834
43547	0.625	13.834
43547	0.666666667	13.834
43547	0.708333333	13.834
43547	0.75	13.834
43547	0.791666667	13.834
43547	0.833333333	13.834
43547	0.875	13.834
43547	0.916666667	13.81
43547	0.958333333	13.81
43548	0	13.81
43548	0.041666667	13.81
43548	0.083333333	13.81
43548	0.125	13.81
43548	0.166666667	13.81
43548	0.208333333	13.81
43548	0.25	13.81
43548	0.291666667	13.81
43548	0.333333333	13.81
43548	0.375	13.834
43548	0.416666667	13.834
43548	0.458333333	13.81
43548	0.5	13.81
43548	0.541666667	13.81
43548	0.583333333	13.81
43548	0.625	13.81
43548	0.666666667	13.81
43548	0.708333333	13.81
43548	0.75	13.81
43548	0.791666667	13.81
43548	0.833333333	13.786
43548	0.875	13.786
43548	0.916666667	13.786
43548	0.958333333	13.762
43549	0	13.786
43549	0.041666667	13.762
43549	0.083333333	13.762
43549	0.125	13.762
43549	0.166666667	13.762
43549	0.208333333	13.762
43549	0.25	13.786
43549	0.291666667	13.81
43549	0.333333333	13.834
43549	0.375	13.81
43549	0.416666667	13.81
43549	0.458333333	13.81
43549	0.5	13.858
43549	0.541666667	13.858
43549	0.583333333	13.81
43549	0.625	13.81
43549	0.666666667	13.786
43549	0.708333333	13.786
43549	0.75	13.81
43549	0.791666667	13.81
43549	0.833333333	13.786
43549	0.875	13.81
43549	0.916666667	13.81
43549	0.958333333	13.786
43550	0	13.81
43550	0.041666667	13.81
43550	0.083333333	13.858
43550	0.125	13.786
43550	0.166666667	13.81
43550	0.208333333	13.81
43550	0.25	13.81
43550	0.291666667	13.834
43550	0.333333333	13.834
43550	0.375	13.858
43550	0.416666667	13.906
43550	0.458333333	13.93
43550	0.5	13.954
43550	0.541666667	13.978
43550	0.583333333	13.978
43550	0.625	13.954
43550	0.666666667	13.954
43550	0.708333333	13.978
43550	0.75	13.906
43550	0.791666667	13.906
43550	0.833333333	13.906
43550	0.875	13.906
43550	0.916666667	13.906
43550	0.958333333	13.954
43551	0	13.93
43551	0.041666667	13.882
43551	0.083333333	13.93
43551	0.125	13.954
43551	0.166666667	13.93
43551	0.208333333	13.954
43551	0.25	13.978
43551	0.291666667	14.026
43551	0.333333333	14.026
43551	0.375	14.05
43551	0.416666667	14.05
43551	0.458333333	14.05
43551	0.5	14.05
43551	0.541666667	14.05
43551	0.583333333	14.026
43551	0.625	14.05
43551	0.666666667	14.05
43551	0.708333333	14.074
43551	0.75	14.074
43551	0.791666667	14.026
43551	0.833333333	14.026
43551	0.875	14.026
43551	0.916666667	14.002
43551	0.958333333	13.954
43552	0	13.954
43552	0.041666667	13.978
43552	0.083333333	14.002
43552	0.125	13.978
43552	0.166666667	13.978
43552	0.208333333	14.002
43552	0.25	13.978
43552	0.291666667	13.954
43552	0.333333333	13.93
43552	0.375	13.906
43552	0.416666667	13.906
43552	0.458333333	13.858
43552	0.5	13.858
43552	0.541666667	13.858
43552	0.583333333	13.882
43552	0.625	13.906
43552	0.666666667	13.93
43552	0.708333333	13.882
43552	0.75	13.882
43552	0.791666667	13.882
43552	0.833333333	13.858
43552	0.875	13.834
43552	0.916666667	13.786
43552	0.958333333	13.81
43553	0	13.81
43553	0.041666667	13.834
43553	0.083333333	13.858
43553	0.125	13.858
43553	0.166666667	13.858
43553	0.208333333	13.834
43553	0.25	13.81
43553	0.291666667	13.81
43553	0.333333333	13.81
43553	0.375	13.93
43553	0.416666667	13.906
43553	0.458333333	13.93
43553	0.5	13.954
43553	0.541666667	13.978
43553	0.583333333	14.002
43553	0.625	14.002
43553	0.666666667	13.882
43553	0.708333333	13.882
43553	0.75	13.906
43553	0.791666667	13.858
43553	0.833333333	13.834
43553	0.875	13.834
43553	0.916666667	13.882
43553	0.958333333	13.834
43554	0	13.906
43554	0.041666667	13.906
43554	0.083333333	13.906
43554	0.125	13.834
43554	0.166666667	13.81
43554	0.208333333	13.834
43554	0.25	13.906
43554	0.291666667	13.81
43554	0.333333333	13.81
43554	0.375	13.762
43554	0.416666667	13.786
43554	0.458333333	13.834
43554	0.5	13.834
43554	0.541666667	13.834
43554	0.583333333	13.93
43554	0.625	13.834
43554	0.666666667	13.858
43554	0.708333333	13.834
43554	0.75	13.81
43554	0.791666667	13.81
43554	0.833333333	13.81
43554	0.875	13.786
43554	0.916666667	13.762
43554	0.958333333	13.786
43555	0	13.762
43555	0.041666667	13.762
43555	0.083333333	13.762
43555	0.125	13.738
43555	0.166666667	13.738
43555	0.208333333	13.762
43555	0.25	13.81
43555	0.291666667	13.738
43555	0.333333333	13.738
43555	0.375	13.786
43555	0.416666667	13.81
43555	0.458333333	13.81
43555	0.5	13.81
43555	0.541666667	13.81
43555	0.583333333	13.786
43555	0.625	13.762
43555	0.666666667	13.786
43555	0.708333333	13.762
43555	0.75	13.762
43555	0.791666667	13.81
43555	0.833333333	13.81
43555	0.875	13.738
43555	0.916666667	13.762
43555	0.958333333	13.738
43556	0	13.738
43556	0.041666667	13.738
43556	0.083333333	13.762
43556	0.125	13.762
43556	0.166666667	13.738
43556	0.208333333	13.738
43556	0.25	13.738
43556	0.291666667	13.738
43556	0.333333333	13.738
43556	0.375	13.738
43556	0.416666667	13.738
43556	0.458333333	13.738
43556	0.5	13.762
43556	0.541666667	13.762
43556	0.583333333	13.762
43556	0.625	13.762
43556	0.666666667	13.762
43556	0.708333333	13.738
43556	0.75	13.738
43556	0.791666667	13.738
43556	0.833333333	13.738
43556	0.875	13.738
43556	0.916666667	13.738
43556	0.958333333	13.738
43557	0	13.738
43557	0.041666667	13.714
43557	0.083333333	13.714
43557	0.125	13.714
43557	0.166666667	13.714
43557	0.208333333	13.714
43557	0.25	13.714
43557	0.291666667	13.714
43557	0.333333333	13.714
43557	0.375	13.714
43557	0.416666667	13.714
43557	0.458333333	13.738
43557	0.5	13.738
43557	0.541666667	13.738
43557	0.583333333	13.738
43557	0.625	13.738
43557	0.666666667	13.738
43557	0.708333333	13.738
43557	0.75	13.738
43557	0.791666667	13.738
43557	0.833333333	13.738
43557	0.875	13.714
43557	0.916666667	13.714
43557	0.958333333	13.738
43558	0	13.738
43558	0.041666667	13.738
43558	0.083333333	13.738
43558	0.125	13.762
43558	0.166666667	13.762
43558	0.208333333	13.762
43558	0.25	13.738
43558	0.291666667	13.738
43558	0.333333333	13.738
43558	0.375	13.738
43558	0.416666667	13.738
43558	0.458333333	13.762
43558	0.5	13.762
43558	0.541666667	13.762
43558	0.583333333	13.762
43558	0.625	13.762
43558	0.666666667	13.762
43558	0.708333333	13.762
43558	0.75	13.762
43558	0.791666667	13.762
43558	0.833333333	13.738
43558	0.875	13.738
43558	0.916666667	13.738
43558	0.958333333	13.738
43559	0	13.738
43559	0.041666667	13.738
43559	0.083333333	13.738
43559	0.125	13.738
43559	0.166666667	13.762
43559	0.208333333	13.762
43559	0.25	13.738
43559	0.291666667	13.738
43559	0.333333333	13.738
43559	0.375	13.738
43559	0.416666667	13.738
43559	0.458333333	13.738
43559	0.5	13.738
43559	0.541666667	13.738
43559	0.583333333	13.762
43559	0.625	13.762
43559	0.666666667	13.762
43559	0.708333333	13.762
43559	0.75	13.762
43559	0.791666667	13.762
43559	0.833333333	13.738
43559	0.875	13.738
43559	0.916666667	13.738
43559	0.958333333	13.738
43560	0	13.762
43560	0.041666667	13.738
43560	0.083333333	13.762
43560	0.125	13.762
43560	0.166666667	13.762
43560	0.208333333	13.762
43560	0.25	13.714
43560	0.291666667	13.786
43560	0.333333333	13.762
43560	0.375	13.425
43560	0.416666667	13.473
43560	0.458333333	13.353
43560	0.5	13.281
43560	0.541666667	13.377
43560	0.583333333	13.57
43560	0.625	13.642
43560	0.666666667	13.666
43560	0.708333333	13.714
43560	0.75	13.666
43560	0.791666667	13.666
43560	0.833333333	13.69
43560	0.875	13.714
43560	0.916666667	13.714
43560	0.958333333	13.714
43561	0	13.714
43561	0.041666667	13.69
43561	0.083333333	13.69
43561	0.125	13.69
43561	0.166666667	13.69
43561	0.208333333	13.69
43561	0.25	13.714
43561	0.291666667	13.738
43561	0.333333333	13.738
43561	0.375	13.738
43561	0.416666667	13.714
43561	0.458333333	13.714
43561	0.5	13.714
43561	0.541666667	13.714
43561	0.583333333	13.714
43561	0.625	13.714
43561	0.666666667	13.714
43561	0.708333333	13.714
43561	0.75	13.714
43561	0.791666667	13.714
43561	0.833333333	13.714
43561	0.875	13.714
43561	0.916666667	13.714
43561	0.958333333	13.714
43562	0	13.714
43562	0.041666667	13.642
43562	0.083333333	13.642
43562	0.125	13.642
43562	0.166666667	13.642
43562	0.208333333	13.69
43562	0.25	13.714
43562	0.291666667	13.714
43562	0.333333333	13.69
43562	0.375	13.69
43562	0.416666667	13.738
43562	0.458333333	13.738
43562	0.5	13.738
43562	0.541666667	13.738
43562	0.583333333	13.738
43562	0.625	13.762
43562	0.666666667	13.714
43562	0.708333333	13.714
43562	0.75	13.714
43562	0.791666667	13.738
43562	0.833333333	13.738
43562	0.875	13.666
43562	0.916666667	13.738
43562	0.958333333	13.738
43563	0	13.738
43563	0.041666667	13.714
43563	0.083333333	13.714
43563	0.125	13.714
43563	0.166666667	13.714
43563	0.208333333	13.714
43563	0.25	13.714
43563	0.291666667	13.714
43563	0.333333333	13.714
43563	0.375	13.69
43563	0.416666667	13.69
43563	0.458333333	13.69
43563	0.5	13.69
43563	0.541666667	13.714
43563	0.583333333	13.714
43563	0.625	13.714
43563	0.666666667	13.714
43563	0.708333333	13.714
43563	0.75	13.714
43563	0.791666667	13.714
43563	0.833333333	13.714
43563	0.875	13.714
43563	0.916666667	13.714
43563	0.958333333	13.714
43564	0	13.714
43564	0.041666667	13.714
43564	0.083333333	13.714
43564	0.125	13.714
43564	0.166666667	13.714
43564	0.208333333	13.714
43564	0.25	13.738
43564	0.291666667	13.738
43564	0.333333333	13.714
43564	0.375	13.714
43564	0.416666667	13.714
43564	0.458333333	13.714
43564	0.5	13.714
43564	0.541666667	13.714
43564	0.583333333	13.714
43564	0.625	13.714
43564	0.666666667	13.714
43564	0.708333333	13.738
43564	0.75	13.714
43564	0.791666667	13.714
43564	0.833333333	13.714
43564	0.875	13.738
43564	0.916666667	13.738
43564	0.958333333	13.738
43565	0	13.738
43565	0.041666667	13.738
43565	0.083333333	13.738
43565	0.125	13.738
43565	0.166666667	13.738
43565	0.208333333	13.738
43565	0.25	13.738
43565	0.291666667	13.738
43565	0.333333333	13.762
43565	0.375	13.738
43565	0.416666667	13.738
43565	0.458333333	13.738
43565	0.5	13.738
43565	0.541666667	13.738
43565	0.583333333	13.738
43565	0.625	13.738
43565	0.666666667	13.738
43565	0.708333333	13.762
43565	0.75	13.762
43565	0.791666667	13.762
43565	0.833333333	13.786
43565	0.875	13.786
43565	0.916666667	13.786
43565	0.958333333	13.786
43566	0	13.786
43566	0.041666667	13.786
43566	0.083333333	13.786
43566	0.125	13.786
43566	0.166666667	13.762
43566	0.208333333	13.786
43566	0.25	13.81
43566	0.291666667	13.786
43566	0.333333333	13.786
43566	0.375	13.81
43566	0.416666667	13.834
43566	0.458333333	13.858
43566	0.5	13.858
43566	0.541666667	13.858
43566	0.583333333	13.858
43566	0.625	13.906
43566	0.666666667	13.882
43566	0.708333333	13.882
43566	0.75	13.906
43566	0.791666667	13.906
43566	0.833333333	13.858
43566	0.875	13.858
43566	0.916666667	13.858
43566	0.958333333	13.882
43567	0	13.906
43567	0.041666667	13.882
43567	0.083333333	13.906
43567	0.125	13.906
43567	0.166666667	13.882
43567	0.208333333	13.906
43567	0.25	13.93
43567	0.291666667	13.906
43567	0.333333333	13.906
43567	0.375	13.906
43567	0.416666667	13.906
43567	0.458333333	13.906
43567	0.5	13.93
43567	0.541666667	13.906
43567	0.583333333	13.882
43567	0.625	13.882
43567	0.666666667	13.834
43567	0.708333333	13.834
43567	0.75	13.834
43567	0.791666667	13.834
43567	0.833333333	13.81
43567	0.875	13.834
43567	0.916666667	13.81
43567	0.958333333	13.834
43568	0	13.834
43568	0.041666667	13.858
43568	0.083333333	13.834
43568	0.125	13.834
43568	0.166666667	13.81
43568	0.208333333	13.81
43568	0.25	13.81
43568	0.291666667	13.834
43568	0.333333333	13.81
43568	0.375	13.858
43568	0.416666667	13.882
43568	0.458333333	13.882
43568	0.5	13.882
43568	0.541666667	13.906
43568	0.583333333	13.906
43568	0.625	13.906
43568	0.666666667	13.906
43568	0.708333333	13.93
43568	0.75	13.882
43568	0.791666667	13.882
43568	0.833333333	13.858
43568	0.875	13.882
43568	0.916666667	13.882
43568	0.958333333	13.882
43569	0	13.906
43569	0.041666667	13.858
43569	0.083333333	13.882
43569	0.125	13.834
43569	0.166666667	13.834
43569	0.208333333	13.81
43569	0.25	13.81
43569	0.291666667	13.786
43569	0.333333333	13.786
43569	0.375	13.786
43569	0.416666667	13.81
43569	0.458333333	13.834
43569	0.5	13.858
43569	0.541666667	13.858
43569	0.583333333	13.882
43569	0.625	13.906
43569	0.666666667	13.978
43569	0.708333333	13.882
43569	0.75	13.858
43569	0.791666667	13.834
43569	0.833333333	13.81
43569	0.875	13.81
43569	0.916666667	13.81
43569	0.958333333	13.81
43570	0	13.81
43570	0.041666667	13.834
43570	0.083333333	13.882
43570	0.125	13.882
43570	0.166666667	13.882
43570	0.208333333	13.906
43570	0.25	13.882
43570	0.291666667	13.858
43570	0.333333333	13.858
43570	0.375	13.858
43570	0.416666667	13.882
43570	0.458333333	13.906
43570	0.5	13.906
43570	0.541666667	13.906
43570	0.583333333	13.906
43570	0.625	13.93
43570	0.666666667	13.906
43570	0.708333333	13.906
43570	0.75	13.906
43570	0.791666667	13.906
43570	0.833333333	13.93
43570	0.875	13.93
43570	0.916666667	13.906
43570	0.958333333	13.882
43571	0	13.906
43571	0.041666667	13.906
43571	0.083333333	13.906
43571	0.125	13.858
43571	0.166666667	13.882
43571	0.208333333	13.906
43571	0.25	13.906
43571	0.291666667	13.906
43571	0.333333333	13.882
43571	0.375	13.906
43571	0.416666667	13.954
43571	0.458333333	13.906
43571	0.5	13.954
43571	0.541666667	14.002
43571	0.583333333	13.978
43571	0.625	14.002
43571	0.666666667	13.978
43571	0.708333333	14.026
43571	0.75	14.026
43571	0.791666667	14.098
43571	0.833333333	14.026
43571	0.875	14.026
43571	0.916666667	13.978
43571	0.958333333	14.026
43572	0	14.002
43572	0.041666667	14.074
43572	0.083333333	14.05
43572	0.125	14.05
43572	0.166666667	14.026
43572	0.208333333	14.074
43572	0.25	14.002
43572	0.291666667	14.05
43572	0.333333333	14.074
43572	0.375	14.122
43572	0.416666667	14.17
43572	0.458333333	14.122
43572	0.5	14.122
43572	0.541666667	14.05
43572	0.583333333	14.002
43572	0.625	14.002
43572	0.666666667	14.002
43572	0.708333333	14.002
43572	0.75	14.098
43572	0.791666667	14.098
43572	0.833333333	14.05
43572	0.875	14.05
43572	0.916666667	13.978
43572	0.958333333	13.93
43573	0	13.954
43573	0.041666667	13.93
43573	0.083333333	13.906
43573	0.125	13.906
43573	0.166666667	13.93
43573	0.208333333	13.93
43573	0.25	13.906
43573	0.291666667	13.906
43573	0.333333333	13.93
43573	0.375	13.93
43573	0.416666667	13.93
43573	0.458333333	13.93
43573	0.5	13.93
43573	0.541666667	13.978
43573	0.583333333	14.098
43573	0.625	14.098
43573	0.666666667	14.026
43573	0.708333333	13.954
43573	0.75	13.954
43573	0.791666667	14.026
43573	0.833333333	14.122
43573	0.875	14.146
43573	0.916666667	14.146
43573	0.958333333	14.122
43574	0	14.074
43574	0.041666667	14.098
43574	0.083333333	14.17
43574	0.125	14.242
43574	0.166666667	14.337
43574	0.208333333	14.314
43574	0.25	14.314
43574	0.291666667	14.361
43574	0.333333333	14.409
43574	0.375	14.361
43574	0.416666667	14.242
43574	0.458333333	14.218
43574	0.5	14.385
43574	0.541666667	14.409
43574	0.583333333	14.529
43574	0.625	14.433
43574	0.666666667	14.577
43574	0.708333333	14.673
43574	0.75	14.505
43574	0.791666667	14.361
43574	0.833333333	14.433
43574	0.875	14.457
43574	0.916666667	14.385
43574	0.958333333	14.553
43575	0	14.601
43575	0.041666667	14.625
43575	0.083333333	14.601
43575	0.125	14.625
43575	0.166666667	14.673
43575	0.208333333	14.697
43575	0.25	14.697
43575	0.291666667	14.697
43575	0.333333333	14.601
43575	0.375	14.625
43575	0.416666667	14.697
43575	0.458333333	14.721
43575	0.5	14.697
43575	0.541666667	14.745
43575	0.583333333	14.721
43575	0.625	14.721
43575	0.666666667	14.721
43575	0.708333333	14.816
43575	0.75	14.816
43575	0.791666667	14.721
43575	0.833333333	14.649
43575	0.875	14.721
43575	0.916666667	14.721
43575	0.958333333	14.768
43576	0	14.768
43576	0.041666667	14.768
43576	0.083333333	14.792
43576	0.125	14.792
43576	0.166666667	14.768
43576	0.208333333	14.768
43576	0.25	14.792
43576	0.291666667	14.816
43576	0.333333333	14.84
43576	0.375	14.864
43576	0.416666667	14.888
43576	0.458333333	14.888
43576	0.5	14.864
43576	0.541666667	14.888
43576	0.583333333	14.84
43576	0.625	14.864
43576	0.666666667	14.84
43576	0.708333333	14.84
43576	0.75	14.84
43576	0.791666667	14.816
43576	0.833333333	14.84
43576	0.875	14.864
43576	0.916666667	14.864
43576	0.958333333	14.864
43577	0	14.888
43577	0.041666667	14.912
43577	0.083333333	14.912
43577	0.125	14.912
43577	0.166666667	14.912
43577	0.208333333	14.912
43577	0.25	14.888
43577	0.291666667	14.888
43577	0.333333333	14.912
43577	0.375	14.912
43577	0.416666667	14.864
43577	0.458333333	14.864
43577	0.5	14.864
43577	0.541666667	14.888
43577	0.583333333	14.912
43577	0.625	14.936
43577	0.666666667	14.96
43577	0.708333333	14.96
43577	0.75	14.912
43577	0.791666667	14.912
43577	0.833333333	14.936
43577	0.875	14.912
43577	0.916666667	14.912
43577	0.958333333	14.864
43578	0	14.697
43578	0.041666667	14.864
43578	0.083333333	14.745
43578	0.125	14.673
43578	0.166666667	14.673
43578	0.208333333	14.721
43578	0.25	14.745
43578	0.291666667	14.888
43578	0.333333333	14.816
43578	0.375	14.84
43578	0.416666667	14.864
43578	0.458333333	14.792
43578	0.5	14.745
43578	0.541666667	14.888
43578	0.583333333	14.864
43578	0.625	14.888
43578	0.666666667	14.768
43578	0.708333333	14.792
43578	0.75	14.84
43578	0.791666667	14.768
43578	0.833333333	14.768
43578	0.875	14.745
43578	0.916666667	14.697
43578	0.958333333	14.697
43579	0	14.697
43579	0.041666667	14.697
43579	0.083333333	14.697
43579	0.125	14.697
43579	0.166666667	14.697
43579	0.208333333	14.673
43579	0.25	14.673
43579	0.291666667	14.649
43579	0.333333333	14.673
43579	0.375	14.673
43579	0.416666667	14.649
43579	0.458333333	14.649
43579	0.5	14.649
43579	0.541666667	14.697
43579	0.583333333	14.673
43579	0.625	14.697
43579	0.666666667	14.721
43579	0.708333333	14.721
43579	0.75	14.697
43579	0.791666667	14.697
43579	0.833333333	14.697
43579	0.875	14.697
43579	0.916666667	14.697
43579	0.958333333	14.673
43580	0	14.649
43580	0.041666667	14.649
43580	0.083333333	14.649
43580	0.125	14.697
43580	0.166666667	14.649
43580	0.208333333	14.649
43580	0.25	14.649
43580	0.291666667	14.673
43580	0.333333333	14.697
43580	0.375	14.697
43580	0.416666667	14.673
43580	0.458333333	14.673
43580	0.5	14.673
43580	0.541666667	14.673
43580	0.583333333	14.673
43580	0.625	14.673
43580	0.666666667	14.673
43580	0.708333333	14.673
43580	0.75	14.697
43580	0.791666667	14.697
43580	0.833333333	14.721
43580	0.875	14.721
43580	0.916666667	14.745
43580	0.958333333	14.745
43581	0	14.745
43581	0.041666667	14.745
43581	0.083333333	14.745
43581	0.125	14.745
43581	0.166666667	14.721
43581	0.208333333	14.721
43581	0.25	14.721
43581	0.291666667	14.721
43581	0.333333333	14.721
43581	0.375	14.745
43581	0.416666667	14.745
43581	0.458333333	14.721
43581	0.5	14.721
43581	0.541666667	14.721
43581	0.583333333	14.745
43581	0.625	14.745
43581	0.666666667	14.745
43581	0.708333333	14.745
43581	0.75	14.721
43581	0.791666667	14.745
43581	0.833333333	14.745
43581	0.875	14.745
43581	0.916666667	14.745
43581	0.958333333	14.745
43582	0	14.745
43582	0.041666667	14.721
43582	0.083333333	14.721
43582	0.125	14.721
43582	0.166666667	14.721
43582	0.208333333	14.697
43582	0.25	14.697
43582	0.291666667	14.721
43582	0.333333333	14.625
43582	0.375	14.649
43582	0.416666667	14.577
43582	0.458333333	14.577
43582	0.5	14.577
43582	0.541666667	14.625
43582	0.583333333	14.625
43582	0.625	14.601
43582	0.666666667	14.601
43582	0.708333333	14.673
43582	0.75	14.649
43582	0.791666667	14.625
43582	0.833333333	14.577
43582	0.875	14.553
43582	0.916666667	14.529
43582	0.958333333	14.553
43583	0	14.529
43583	0.041666667	14.553
43583	0.083333333	14.457
43583	0.125	14.505
43583	0.166666667	14.481
43583	0.208333333	14.481
43583	0.25	14.505
43583	0.291666667	14.433
43583	0.333333333	14.29
43583	0.375	13.93
43583	0.416666667	13.858
43583	0.458333333	13.834
43583	0.5	13.81
43583	0.541666667	13.81
43583	0.583333333	13.858
43583	0.625	13.906
43583	0.666666667	14.002
43583	0.708333333	14.05
43583	0.75	14.146
43583	0.791666667	14.242
43583	0.833333333	14.337
43583	0.875	14.385
43583	0.916666667	14.433
43583	0.958333333	14.457
43584	0	13.882
43584	0.041666667	13.81
43584	0.083333333	13.834
43584	0.125	13.882
43584	0.166666667	13.954
43584	0.208333333	13.954
43584	0.25	13.954
43584	0.291666667	14.002
43584	0.333333333	14.026
43584	0.375	14.002
43584	0.416666667	13.906
43584	0.458333333	14.026
43584	0.5	14.194
43584	0.541666667	14.218
43584	0.583333333	14.314
43584	0.625	14.385
43584	0.666666667	14.433
43584	0.708333333	14.433
43584	0.75	14.457
43584	0.791666667	14.409
43584	0.833333333	14.361
43584	0.875	14.242
43584	0.916666667	14.337
43584	0.958333333	14.337
43585	0	14.337
43585	0.041666667	14.337
43585	0.083333333	14.361
43585	0.125	14.385
43585	0.166666667	14.409
43585	0.208333333	14.553
43585	0.25	14.601
43585	0.291666667	14.601
43585	0.333333333	14.553
43585	0.375	14.601
43585	0.416666667	14.625
43585	0.458333333	14.649
43585	0.5	14.625
43585	0.541666667	14.625
43585	0.583333333	14.601
43585	0.625	14.577
43585	0.666666667	14.529
43585	0.708333333	14.553
43585	0.75	14.529
43585	0.791666667	14.529
43585	0.833333333	14.529
43585	0.875	14.553
43585	0.916666667	14.577
43585	0.958333333	14.601
43586	0	14.577
43586	0.041666667	14.601
43586	0.083333333	14.601
43586	0.125	14.625
43586	0.166666667	14.625
43586	0.208333333	14.577
43586	0.25	14.649
43586	0.291666667	14.601
43586	0.333333333	14.577
43586	0.375	14.577
43586	0.416666667	14.553
43586	0.458333333	14.577
43586	0.5	14.601
43586	0.541666667	14.601
43586	0.583333333	14.601
43586	0.625	14.649
43586	0.666666667	14.625
43586	0.708333333	14.481
43586	0.75	14.385
43586	0.791666667	14.577
43586	0.833333333	14.505
43586	0.875	14.529
43586	0.916666667	14.529
43586	0.958333333	14.553
43587	0	14.553
43587	0.041666667	14.505
43587	0.083333333	14.553
43587	0.125	14.577
43587	0.166666667	14.481
43587	0.208333333	14.529
43587	0.25	14.481
43587	0.291666667	14.529
43587	0.333333333	14.529
43587	0.375	14.529
43587	0.416666667	14.553
43587	0.458333333	14.529
43587	0.5	14.553
43587	0.541666667	14.529
43587	0.583333333	14.553
43587	0.625	14.505
43587	0.666666667	14.433
43587	0.708333333	14.457
43587	0.75	14.314
43587	0.791666667	14.314
43587	0.833333333	14.337
43587	0.875	14.457
43587	0.916666667	14.457
43587	0.958333333	14.481
43588	0	14.385
43588	0.041666667	14.361
43588	0.083333333	14.314
43588	0.125	14.337
43588	0.166666667	14.409
43588	0.208333333	14.242
43588	0.25	14.194
43588	0.291666667	14.194
43588	0.333333333	14.242
43588	0.375	14.074
43588	0.416666667	14.05
43588	0.458333333	14.05
43588	0.5	14.337
43588	0.541666667	14.385
43588	0.583333333	14.457
43588	0.625	14.146
43588	0.666666667	14.074
43588	0.708333333	14.002
43588	0.75	13.978
43588	0.791666667	13.954
43588	0.833333333	14.002
43588	0.875	14.026
43588	0.916666667	13.954
43588	0.958333333	13.93
43589	0	14.074
43589	0.041666667	14.05
43589	0.083333333	14.17
43589	0.125	14.098
43589	0.166666667	14.098
43589	0.208333333	14.218
43589	0.25	14.29
43589	0.291666667	14.337
43589	0.333333333	14.337
43589	0.375	14.122
43589	0.416666667	14.098
43589	0.458333333	14.026
43589	0.5	14.026
43589	0.541666667	14.05
43589	0.583333333	14.194
43589	0.625	14.194
43589	0.666666667	14.098
43589	0.708333333	14.122
43589	0.75	14.146
43589	0.791666667	14.337
43589	0.833333333	14.529
43589	0.875	14.553
43589	0.916666667	14.481
43589	0.958333333	14.361
43590	0	14.361
43590	0.041666667	14.385
43590	0.083333333	14.385
43590	0.125	14.337
43590	0.166666667	14.146
43590	0.208333333	14.074
43590	0.25	14.002
43590	0.291666667	13.954
43590	0.333333333	13.93
43590	0.375	14.026
43590	0.416666667	14.146
43590	0.458333333	14.218
43590	0.5	14.314
43590	0.541666667	14.002
43590	0.583333333	14.05
43590	0.625	14.361
43590	0.666666667	14.505
43590	0.708333333	14.649
43590	0.75	14.625
43590	0.791666667	14.625
43590	0.833333333	14.577
43590	0.875	14.481
43590	0.916666667	14.026
43590	0.958333333	14.122
43591	0	14.098
43591	0.041666667	14.146
43591	0.083333333	14.17
43591	0.125	14.122
43591	0.166666667	14.146
43591	0.208333333	14.17
43591	0.25	13.954
43591	0.291666667	13.906
43591	0.333333333	13.93
43591	0.375	13.978
43591	0.416666667	14.266
43591	0.458333333	14.433
43591	0.5	14.337
43591	0.541666667	14.314
43591	0.583333333	14.17
43591	0.625	14.146
43591	0.666666667	14.098
43591	0.708333333	13.93
43591	0.75	13.954
43591	0.791666667	14.002
43591	0.833333333	14.098
43591	0.875	14.002
43591	0.916666667	14.05
43591	0.958333333	14.074
43592	0	14.098
43592	0.041666667	14.266
43592	0.083333333	14.314
43592	0.125	14.505
43592	0.166666667	14.721
43592	0.208333333	14.625
43592	0.25	14.601
43592	0.291666667	14.577
43592	0.333333333	14.673
43592	0.375	14.673
43592	0.416666667	14.601
43592	0.458333333	14.529
43592	0.5	14.481
43592	0.541666667	14.481
43592	0.583333333	14.505
43592	0.625	14.529
43592	0.666666667	14.505
43592	0.708333333	14.505
43592	0.75	14.505
43592	0.791666667	14.553
43592	0.833333333	14.577
43592	0.875	14.601
43592	0.916666667	14.601
43592	0.958333333	14.649
43593	0	14.697
43593	0.041666667	14.697
43593	0.083333333	14.673
43593	0.125	14.625
43593	0.166666667	14.673
43593	0.208333333	14.697
43593	0.25	14.697
43593	0.291666667	14.745
43593	0.333333333	14.768
43593	0.375	14.816
43593	0.416666667	14.864
43593	0.458333333	14.792
43593	0.5	14.721
43593	0.541666667	14.721
43593	0.583333333	14.768
43593	0.625	14.792
43593	0.666666667	14.912
43593	0.708333333	15.055
43593	0.75	15.103
43593	0.791666667	15.151
43593	0.833333333	15.127
43593	0.875	15.199
43593	0.916666667	15.223
43593	0.958333333	15.247
43594	0	15.342
43594	0.041666667	15.318
43594	0.083333333	15.366
43594	0.125	15.39
43594	0.166666667	15.414
43594	0.208333333	15.438
43594	0.25	15.438
43594	0.291666667	15.438
43594	0.333333333	15.438
43594	0.375	15.438
43594	0.416666667	15.39
43594	0.458333333	15.39
43594	0.5	15.366
43594	0.541666667	15.247
43594	0.583333333	15.175
43594	0.625	14.936
43594	0.666666667	14.984
43594	0.708333333	14.984
43594	0.75	15.031
43594	0.791666667	14.912
43594	0.833333333	14.984
43594	0.875	14.984
43594	0.916666667	14.984
43594	0.958333333	15.055
43595	0	15.055
43595	0.041666667	14.84
43595	0.083333333	14.194
43595	0.125	14.098
43595	0.166666667	14.05
43595	0.208333333	14.816
43595	0.25	14.768
43595	0.291666667	14.505
43595	0.333333333	14.505
43595	0.375	14.673
43595	0.416666667	14.122
43595	0.458333333	14.026
43595	0.5	13.978
43595	0.541666667	14.098
43595	0.583333333	14.17
43595	0.625	14.266
43595	0.666666667	14.266
43595	0.708333333	14.146
43595	0.75	14.146
43595	0.791666667	14.05
43595	0.833333333	14.074
43595	0.875	14.146
43595	0.916666667	14.146
43595	0.958333333	14.146
43596	0	14.122
43596	0.041666667	14.242
43596	0.083333333	14.505
43596	0.125	14.481
43596	0.166666667	14.433
43596	0.208333333	14.481
43596	0.25	14.577
43596	0.291666667	14.649
43596	0.333333333	14.864
43596	0.375	14.816
43596	0.416666667	14.745
43596	0.458333333	14.96
43596	0.5	15.008
43596	0.541666667	15.031
43596	0.583333333	15.008
43596	0.625	15.079
43596	0.666666667	15.247
43596	0.708333333	14.984
43596	0.75	14.792
43596	0.791666667	14.96
43596	0.833333333	14.673
43596	0.875	14.577
43596	0.916666667	14.553
43596	0.958333333	14.553
43597	0	14.673
43597	0.041666667	14.984
43597	0.083333333	15.055
43597	0.125	15.223
43597	0.166666667	15.294
43597	0.208333333	15.223
43597	0.25	15.342
43597	0.291666667	14.84
43597	0.333333333	15.103
43597	0.375	14.697
43597	0.416666667	14.864
43597	0.458333333	14.649
43597	0.5	14.601
43597	0.541666667	14.888
43597	0.583333333	14.816
43597	0.625	14.912
43597	0.666666667	14.96
43597	0.708333333	14.816
43597	0.75	14.96
43597	0.791666667	15.079
43597	0.833333333	15.151
43597	0.875	15.199
43597	0.916666667	15.223
43597	0.958333333	15.247
43598	0	15.27
43598	0.041666667	15.318
43598	0.083333333	15.342
43598	0.125	14.984
43598	0.166666667	14.912
43598	0.208333333	14.888
43598	0.25	14.864
43598	0.291666667	14.912
43598	0.333333333	15.079
43598	0.375	15.223
43598	0.416666667	15.342
43598	0.458333333	15.461
43598	0.5	15.39
43598	0.541666667	15.438
43598	0.583333333	15.461
43598	0.625	15.533
43598	0.666666667	15.366
43598	0.708333333	15.366
43598	0.75	15.366
43598	0.791666667	15.366
43598	0.833333333	15.461
43598	0.875	15.438
43598	0.916666667	15.461
43598	0.958333333	15.509
43599	0	15.533
43599	0.041666667	15.557
43599	0.083333333	15.581
43599	0.125	15.629
43599	0.166666667	15.629
43599	0.208333333	15.652
43599	0.25	15.533
43599	0.291666667	15.581
43599	0.333333333	15.605
43599	0.375	15.509
43599	0.416666667	15.533
43599	0.458333333	15.509
43599	0.5	15.509
43599	0.541666667	15.509
43599	0.583333333	15.509
43599	0.625	15.581
43599	0.666666667	15.581
43599	0.708333333	15.461
43599	0.75	15.414
43599	0.791666667	15.39
43599	0.833333333	15.414
43599	0.875	15.294
43599	0.916666667	15.461
43599	0.958333333	15.485
43600	0	15.414
43600	0.041666667	15.438
43600	0.083333333	15.461
43600	0.125	15.342
43600	0.166666667	15.39
43600	0.208333333	15.461
43600	0.25	15.867
43600	0.291666667	16.034
43600	0.333333333	16.034
43600	0.375	16.01
43600	0.416666667	16.01
43600	0.458333333	16.01
43600	0.5	16.01
43600	0.541666667	16.034
43600	0.583333333	16.058
43600	0.625	16.058
43600	0.666666667	15.652
43600	0.708333333	15.581
43600	0.75	15.39
43600	0.791666667	15.175
43600	0.833333333	15.294
43600	0.875	15.485
43600	0.916666667	15.557
43600	0.958333333	15.676
43601	0	15.7
43601	0.041666667	15.533
43601	0.083333333	15.294
43601	0.125	15.533
43601	0.166666667	15.318
43601	0.208333333	15.27
43601	0.25	15.485
43601	0.291666667	15.485
43601	0.333333333	15.557
43601	0.375	15.366
43601	0.416666667	15.461
43601	0.458333333	15.748
43601	0.5	15.7
43601	0.541666667	15.39
43601	0.583333333	15.414
43601	0.625	15.223
43601	0.666666667	15.199
43601	0.708333333	15.175
43601	0.75	15.103
43601	0.791666667	15.175
43601	0.833333333	15.294
43601	0.875	15.127
43601	0.916666667	15.127
43601	0.958333333	15.199
43602	0	15.223
43602	0.041666667	15.294
43602	0.083333333	15.223
43602	0.125	15.175
43602	0.166666667	15.055
43602	0.208333333	15.055
43602	0.25	15.031
43602	0.291666667	15.27
43602	0.333333333	15.127
43602	0.375	15.127
43602	0.416666667	15.008
43602	0.458333333	15.151
43602	0.5	15.199
43602	0.541666667	15.247
43602	0.583333333	15.843
43602	0.625	15.509
43602	0.666666667	15.461
43602	0.708333333	15.151
43602	0.75	15.676
43602	0.791666667	16.106
43602	0.833333333	16.153
43602	0.875	16.153
43602	0.916666667	16.153
43602	0.958333333	16.153
43603	0	16.129
43603	0.041666667	16.129
43603	0.083333333	16.129
43603	0.125	16.129
43603	0.166666667	16.129
43603	0.208333333	16.106
43603	0.25	15.676
43603	0.291666667	15.103
43603	0.333333333	15.031
43603	0.375	15.055
43603	0.416666667	15.008
43603	0.458333333	15.819
43603	0.5	16.106
43603	0.541666667	16.058
43603	0.583333333	16.058
43603	0.625	16.082
43603	0.666666667	16.058
43603	0.708333333	16.082
43603	0.75	16.058
43603	0.791666667	16.01
43603	0.833333333	15.724
43603	0.875	15.939
43603	0.916666667	16.01
43603	0.958333333	16.034
43604	0	16.058
43604	0.041666667	16.058
43604	0.083333333	16.082
43604	0.125	16.082
43604	0.166666667	16.082
43604	0.208333333	16.082
43604	0.25	16.082
43604	0.291666667	16.058
43604	0.333333333	16.082
43604	0.375	16.082
43604	0.416666667	16.082
43604	0.458333333	16.058
43604	0.5	15.891
43604	0.541666667	15.915
43604	0.583333333	15.629
43604	0.625	15.27
43604	0.666666667	15.247
43604	0.708333333	15.366
43604	0.75	15.342
43604	0.791666667	15.39
43604	0.833333333	15.342
43604	0.875	15.414
43604	0.916666667	15.533
43604	0.958333333	15.533
43605	0	15.414
43605	0.041666667	15.438
43605	0.083333333	15.318
43605	0.125	15.175
43605	0.166666667	15.342
43605	0.208333333	15.461
43605	0.25	15.533
43605	0.291666667	15.533
43605	0.333333333	15.438
43605	0.375	15.366
43605	0.416666667	15.366
43605	0.458333333	15.39
43605	0.5	15.294
43605	0.541666667	15.533
43605	0.583333333	15.557
43605	0.625	15.629
43605	0.666666667	15.533
43605	0.708333333	15.461
43605	0.75	15.485
43605	0.791666667	15.485
43605	0.833333333	15.485
43605	0.875	15.557
43605	0.916666667	15.533
43605	0.958333333	15.557
43606	0	15.533
43606	0.041666667	15.557
43606	0.083333333	15.629
43606	0.125	15.629
43606	0.166666667	15.652
43606	0.208333333	15.485
43606	0.25	15.557
43606	0.291666667	15.581
43606	0.333333333	15.676
43606	0.375	15.629
43606	0.416666667	15.629
43606	0.458333333	15.629
43606	0.5	15.438
43606	0.541666667	15.366
43606	0.583333333	15.39
43606	0.625	15.414
43606	0.666666667	15.39
43606	0.708333333	15.533
43606	0.75	15.7
43606	0.791666667	15.652
43606	0.833333333	15.557
43606	0.875	15.629
43606	0.916666667	15.605
43606	0.958333333	15.605
43607	0	15.676
43607	0.041666667	15.724
43607	0.083333333	15.748
43607	0.125	15.748
43607	0.166666667	15.676
43607	0.208333333	15.676
43607	0.25	15.724
43607	0.291666667	15.796
43607	0.333333333	15.819
43607	0.375	15.867
43607	0.416666667	15.986
43607	0.458333333	16.01
43607	0.5	15.986
43607	0.541666667	16.01
43607	0.583333333	15.939
43607	0.625	15.915
43607	0.666666667	15.915
43607	0.708333333	15.891
43607	0.75	15.915
43607	0.791666667	15.724
43607	0.833333333	15.652
43607	0.875	15.605
43607	0.916666667	15.581
43607	0.958333333	15.509
43608	0	15.533
43608	0.041666667	15.533
43608	0.083333333	15.485
43608	0.125	15.461
43608	0.166666667	15.509
43608	0.208333333	15.533
43608	0.25	15.485
43608	0.291666667	15.438
43608	0.333333333	15.438
43608	0.375	15.438
43608	0.416666667	15.438
43608	0.458333333	15.438
43608	0.5	15.366
43608	0.541666667	15.366
43608	0.583333333	15.318
43608	0.625	15.366
43608	0.666666667	15.342
43608	0.708333333	15.342
43608	0.75	15.342
43608	0.791666667	15.509
43608	0.833333333	15.438
43608	0.875	15.485
43608	0.916666667	15.438
43608	0.958333333	15.438
43609	0	15.509
43609	0.041666667	15.629
43609	0.083333333	15.461
43609	0.125	15.366
43609	0.166666667	15.414
43609	0.208333333	15.533
43609	0.25	15.438
43609	0.291666667	15.438
43609	0.333333333	15.414
43609	0.375	15.414
43609	0.416666667	15.414
